# Number of parameters = 378  Objective function value = 1936.66  Maximum gradient component = 0.0179055
# Mest:
0.280000000000
# log_Linf:
4.30945594184
# log_k:
-1.83258146375
# log_Lo:
2.89037175790
# log_sdage:
-2.40794560865
# mean_log_rec:
9.83749261565
# steepness:
0.500000000000
# log_Rzero:
9.30875893961
# rec_dev:
 -0.500053545740 -0.597550552991 -0.702301273655 -0.815426934489 -0.929531798812 -1.04480001478 -0.984750751678 -0.993128918296 -0.829428238369 -0.749328373189 -0.646915289188 -0.424172204649 -0.402598674246 -0.319038315904 -0.258398740668 -0.0335009179013 0.357404149608 0.557233728522 0.525988389499 0.487271186204 0.482715106601 0.538629645704 0.770484785188 0.808700858975 0.489401681103 1.21535588465 1.48359608540 0.793639171228 0.597046264892 0.670787650285 0.601219277835 0.629769090799 0.521399549048 0.557760016450 0.251398079794 0.316026720446 0.382430337103 0.227020807847 0.471078644203 0.572702700747 0.795019913865 0.593757178867 0.319534920466 0.0154028535121 -0.621513142549 -0.642975643028 -1.00152383821 -0.700482398163 -1.10986740005 -1.74752154018 -0.798590047950 -0.276742777907 -0.718744186903 -0.639299457480
# log_sigmar:
-0.510825623766
# fmort:
 0.0287162772774 0.0285844448463 0.0108715694410 0.0119476587036 0.0259085090952 0.0282952532174 0.0288866755475 0.0279819327045 0.0437898540847 0.0313657308494 0.0217403367080 0.0315072844733 0.0605302625532 0.0208288091370 0.0555184992321 0.0375053416663 0.00292237683604 0.00834615507444 0.00823664529261 0.00766271292277 0.00840368911438 0.0118142336282 0.0150447202215 0.0197849842001 0.0111237519674 0.0140663936713 0.0202884563810 0.00747743245278 0.00170428222438 0.00364723062849 0.00708423397735 0.0154721515512 0.00634375079565 0.00920676532017 0.0111326398715 0.0152861681932 0.0191731338575 0.0290421811352 0.0408152742044 0.0418881054847 0.0662216890756 0.00812198437822 0.00347710019961
 0.00141573780845 0.00427855479547 0.00141613269466 0.00169757559015 0.00228311106867 0.00596003129417 0.00898388447559 0.0106324917843 0.0202200218296 0.0244474518027 0.0208010873957 0.0378908135616 0.0600626653116 0.0512026780146 0.0677318849745 0.0923798820329 0.0949122500380 0.176343900402 0.211196679991 0.214452853662 0.197556321757 0.231712400869 0.286370422122 0.262134849310 0.349192635393 0.519540693964 0.491473703203 0.558000460014 0.369085278005 0.258911572723 0.221155430205 0.222611763155 0.212139994585 0.191881094977 0.181972461755 0.180273651237 0.189534348372 0.223152512342 0.203723372711 0.287290578321 0.172382370559 0.114338262669 0.121531131021
 0.000232717112776 0.000420587117439 0.000901997442627 0.00183497129367 0.00529642781589 0.00149830462714 0.00163954137003 0.0134097059063 0.00860671138772 0.00695687671087 0.00880516386885 0.00899981213460 0.00277967361709 0.00205373164981 0.00304393650371 0.00184389213386 0.000552580487311 0.000449556512055 0.00300144694884 0.00458181776550 0.00598917537182 0.00381083498414 0.00199393388152 0.00253075975361 0.00448317053499 0.0140789064464 0.0137664703754 0.0197926685891 0.0129696776372 0.00477601572864 0.00583680115447 0.0151714088075 0.00371429688190 0.00615998438245 0.00713764814760 0.00406760318353 0.0163494044364 0.0191585416980 0.0140292701846 0.00928847076616 0.00309750163763 0.0266141069415 0.0111377082402
 2.91988655476e-013 3.18078896555e-013 0.000831378298259 3.47222250952e-013 3.51385587294e-013 3.51385587294e-013 4.48831420918e-006 0.000328765481108 0.00685480028103 0.0416102890544 0.0350939566329 0.0425039177797 0.0845471427217 0.0965436559976 0.119676210295 0.100528950427 0.0927403100062 0.0910172879911 0.0880002559119 0.0758093215608 0.0625535295480 0.0360280570933 0.00266559394626 1.86239912381e-013 2.07056594093e-013 2.88657986403e-013 4.18831636040e-013 5.83422199441e-013 6.26998453157e-013 1.97115204631e-006 0.000568601192441 0.00476551967703 0.0153095007095 0.0308822473332 0.0559494839762 0.0464738169840 0.0711597991958 0.100498685774 0.123460161255 0.163132887678 0.153367749485 0.0413355157880 0.0186827653256
# log_selcoffs_fsh[1]:
 -4.41523260804 -3.19788601243 -2.13403539620 -1.09649066209 -0.370978911382 0.396223306837 1.06181494302 0.989759155671 -0.306254273803
 -3.26470573124 -0.686086293947 0.529075654935 0.745406870517 0.411930834960 0.233571224979 -0.222887428144 -0.561536011755 -0.672918112091
# log_selcoffs_fsh[2]:
 -7.17352878308 -5.44209299808 -3.85144343835 -2.14819514980 -0.837212575804 0.131253783131 0.922975212564 1.17844864465 0.696261243725 -0.670501016088
 -6.74990477437 -4.67822696083 -3.09912880972 -2.04518754607 -1.21668329458 -0.519266740979 0.283254876111 0.847745565908 0.967031725790 0.967734091131
 -6.78661009984 -4.21717759455 -1.66566747996 -0.484850437329 -0.0877804037514 0.0768882953670 0.0506173214386 0.256891170300 0.636843743681 1.08114891779
 -6.83767956341 -4.79472434225 -2.87500624500 -0.975108532987 -0.287229951655 0.338526020308 0.364858445260 0.336778339885 0.669461218065 0.959329565426
# log_selcoffs_fsh[3]:
 -1.93932469299 0.177377080104 1.32020766299 0.121643074164 -0.947591139758 -1.49111490830 -1.73856371641
 -1.67895994371 0.939081006945 1.14823908991 -0.693878792338 -1.94901490231 -1.94604273849 -1.14482727082
# log_selcoffs_fsh[4]:
 -6.99897939446 -5.02020376154 -3.61873208684 -2.38488244992 -1.17011248223 -0.0897464610363 0.754750040999 1.20797838453 0.777157770300
 -6.72941758000 -4.38545887666 -2.00050933645 -0.882559507112 -0.698947750495 -0.278892254447 0.157837650000 0.653736192778 1.40853078226
# log_sel_spl_fsh[1]:
 0.00000000000 0.00000000000 0.00000000000 0.00000000000
 0.00000000000 0.00000000000 0.00000000000 0.00000000000
# log_sel_spl_fsh[2]:
 0.00000000000 0.00000000000 0.00000000000 0.00000000000
 0.00000000000 0.00000000000 0.00000000000 0.00000000000
 0.00000000000 0.00000000000 0.00000000000 0.00000000000
 0.00000000000 0.00000000000 0.00000000000 0.00000000000
# log_sel_spl_fsh[3]:
 0.00000000000 0.00000000000 0.00000000000 0.00000000000
 0.00000000000 0.00000000000 0.00000000000 0.00000000000
# log_sel_spl_fsh[4]:
 0.00000000000 0.00000000000 0.00000000000 0.00000000000
 0.00000000000 0.00000000000 0.00000000000 0.00000000000
# logsel_slope_fsh[1]:
 0.00000000000 0.00000000000
# logsel_slope_fsh[2]:
 0.00000000000 0.00000000000 0.00000000000 0.00000000000
# logsel_slope_fsh[3]:
 0.00000000000 0.00000000000
# logsel_slope_fsh[4]:
 0.00000000000 0.00000000000
# sel50_fsh[1]:
 0.00000000000 0.00000000000
# sel50_fsh[2]:
 0.00000000000 0.00000000000 0.00000000000 0.00000000000
# sel50_fsh[3]:
 0.00000000000 0.00000000000
# sel50_fsh[4]:
 0.00000000000 0.00000000000
# logsel_dslope_fsh[1]:
 0.00000000000 0.00000000000
# logsel_dslope_fsh[2]:
 0.00000000000 0.00000000000 0.00000000000 0.00000000000
# logsel_dslope_fsh[3]:
 0.00000000000 0.00000000000
# logsel_dslope_fsh[4]:
 0.00000000000 0.00000000000
# seld50_fsh[1]:
 9.00000000000 9.00000000000
# seld50_fsh[2]:
 9.00000000000 9.00000000000 9.00000000000 9.00000000000
# seld50_fsh[3]:
 9.00000000000 9.00000000000
# seld50_fsh[4]:
 9.00000000000 9.00000000000
# rec_dev_future:
 0.00000000000 0.00000000000 0.00000000000 0.00000000000 0.00000000000 0.00000000000 0.00000000000 0.00000000000 0.00000000000 0.00000000000
# log_q_ind[1]:
-0.972403671720
# log_q_ind[2]:
-4.18539774201
# log_q_ind[3]:
-10.4244960378
# log_q_ind[4]:
-0.863790558162
# log_q_ind[5]:
-3.08485330505
# log_q_ind[6]:
-4.55545314719
# log_q_ind[7]:
-8.19655414962
# log_q_ind[8]:
-8.24608858450
# log_q_ind[9]:
-4.75788516839
# log_q_power_ind[1]:
0.00000000000
# log_q_power_ind[2]:
0.00000000000
# log_q_power_ind[3]:
0.00000000000
# log_q_power_ind[4]:
0.00000000000
# log_q_power_ind[5]:
0.00000000000
# log_q_power_ind[6]:
0.00000000000
# log_q_power_ind[7]:
0.00000000000
# log_q_power_ind[8]:
0.00000000000
# log_q_power_ind[9]:
0.00000000000
# log_selcoffs_ind[1]:
 -4.53557879545 -2.68262467117 -0.922300866830 0.120063349916 0.328267635308 0.306960002441 0.207704818043 0.229274708886 0.376310847390 0.532062540482
 -4.57621874685 -3.54883856475 -2.55922282817 -1.61633008141 -0.736268631417 -0.0178304337796 0.372324964269 0.586681298417 0.795215273081 1.01512136567
# log_selcoffs_ind[2]:
 -1.08743876710 0.116533803896 0.116533803896 0.116533803896 0.116533803896 0.116533803896 0.116533803896 0.116533803896 0.116533803896 0.116533803896
# log_selcoffs_ind[3]:
 -0.106609722418 0.116533803896 0.116533803896 0.116533803896 0.116533803896 0.116533803896 0.116533803896 0.116533803896 0.116533803896 0.116533803896
# log_selcoffs_ind[4]:
 -2.53175305942 -1.59777695152 -0.784017617300 -0.234721925259 0.0362466881199 0.198952014710 0.318558489970 0.416901483235 0.487162174631 0.526887920974
 -3.10047013738 -2.26400673215 -1.44019983310 -0.716932776619 -0.175757855650 0.199687014851 0.433620848013 0.574594232746 0.623848142133 0.631660325091
# log_selcoffs_ind[5]:
 -3.10233962097 -0.727436133840 0.0439631185884 0.116533803896 0.116533803896 0.116533803896 0.116533803896 0.116533803896 0.116533803896 0.116533803896
# log_selcoffs_ind[6]:
 -3.10233962097 -0.727436133840 0.0439631185884 0.116533803896 0.116533803896 0.116533803896 0.116533803896 0.116533803896 0.116533803896 0.116533803896
# log_selcoffs_ind[7]:
 -3.10233962097 -0.727436133840 0.0439631185884 0.116533803896 0.116533803896 0.116533803896 0.116533803896 0.116533803896 0.116533803896 0.116533803896
# log_selcoffs_ind[8]:
 -3.10233962097 -0.727436133840 0.0439631185884 0.116533803896 0.116533803896 0.116533803896 0.116533803896 0.116533803896 0.116533803896 0.116533803896
# log_selcoffs_ind[9]:
 -3.10233962097 -0.727436133840 0.0439631185884 0.116533803896 0.116533803896 0.116533803896 0.116533803896 0.116533803896 0.116533803896 0.116533803896
# logsel_slope_ind[1]:
 0.00000000000 0.00000000000
# logsel_slope_ind[2]:
 0.00000000000
# logsel_slope_ind[3]:
 0.00000000000
# logsel_slope_ind[4]:
 0.00000000000 0.00000000000
# logsel_slope_ind[5]:
 0.00000000000
# logsel_slope_ind[6]:
 0.00000000000
# logsel_slope_ind[7]:
 0.00000000000
# logsel_slope_ind[8]:
 0.00000000000
# logsel_slope_ind[9]:
 0.00000000000
# sel50_ind[1]:
 0.00000000000 0.00000000000
# sel50_ind[2]:
 0.00000000000
# sel50_ind[3]:
 0.00000000000
# sel50_ind[4]:
 0.00000000000 0.00000000000
# sel50_ind[5]:
 0.00000000000
# sel50_ind[6]:
 0.00000000000
# sel50_ind[7]:
 0.00000000000
# sel50_ind[8]:
 0.00000000000
# sel50_ind[9]:
 0.00000000000
# logsel_dslope_ind[1]:
 0.00000000000 0.00000000000
# logsel_dslope_ind[2]:
 0.00000000000
# logsel_dslope_ind[3]:
 0.00000000000
# logsel_dslope_ind[4]:
 0.00000000000 0.00000000000
# logsel_dslope_ind[5]:
 0.00000000000
# logsel_dslope_ind[6]:
 0.00000000000
# logsel_dslope_ind[7]:
 0.00000000000
# logsel_dslope_ind[8]:
 0.00000000000
# logsel_dslope_ind[9]:
 0.00000000000
# seld50_ind[1]:
 9.00000000000 9.00000000000
# seld50_ind[2]:
 9.00000000000
# seld50_ind[3]:
 9.00000000000
# seld50_ind[4]:
 9.00000000000 9.00000000000
# repl_F:
0.214889230173
