# Number of parameters = 383  Objective function value = 2141.61  Maximum gradient component = 0.0571885
# Mest:
0.230000000000
# log_Linf:
4.30945594184
# log_k:
-1.83258146375
# log_Lo:
2.89037175790
# log_sdage:
-2.40794560865
# mean_log_rec:
9.38104990911
# steepness:
0.800000000000
# log_Rzero:
9.67231986236
# rec_dev:
 -0.640479720142 -0.730815685803 -0.826594953032 -0.928664254521 -1.02913484828 -1.12629914170 -1.04603821656 -1.02823131435 -0.842457827283 -0.737831095894 -0.605191902731 -0.325488400704 -0.301368667986 -0.212804731345 -0.153131318101 0.0594687129649 0.446551755396 0.644625769626 0.622033878687 0.595985369616 0.596705186213 0.635074892286 0.851440217186 0.893448517853 0.589845690225 1.30698078396 1.58039763309 0.906544972395 0.722538340952 0.812011203468 0.760692111970 0.798845889337 0.705219116928 0.754476730985 0.462084861748 0.525538529312 0.576515176667 0.413538477538 0.638173774120 0.719687175397 0.934117808553 0.738889283694 0.451312045693 0.189961634599 -0.321003114014 -0.425007375678 -0.618389821875 -0.239507424384 -0.637463386243 -1.24647024232 -0.519537880775 -0.0530811877140 -0.420581202665 -0.120531762455 -0.0116980595043
# log_sigmar:
-0.510825623766
# fmort:
 0.0229572038213 0.0235232907768 0.00919904503815 0.0103397713173 0.0226953473710 0.0248722942873 0.0296803397763 0.0265384537774 0.0464458555651 0.0369421951449 0.0250981677967 0.0351059716020 0.0685385231625 0.0234982094946 0.0581978728934 0.0410368803052 0.00332652802963 0.00981828693785 0.00917438166880 0.00870144255375 0.00952176498043 0.0127020796462 0.0153357717681 0.0189758778802 0.0119248862526 0.0158914622834 0.0268900736898 0.00940118081587 0.00218130222090 0.00479545388808 0.00907353089498 0.0206329053687 0.00827506711204 0.0113474722900 0.0131204125416 0.0183403491089 0.0210692121284 0.0318335785210 0.0409367412254 0.0400555724203 0.0547912686524 0.00735426498685 0.00319821962999 0.00282887592555
 0.00132168432631 0.00403607721688 0.00135746803321 0.00165485193079 0.00223867037540 0.00582096733128 0.00863281844831 0.0102967495063 0.0195191521697 0.0240367354113 0.0209880179070 0.0388663609642 0.0631278289678 0.0539730055360 0.0711733501245 0.0979645656256 0.101366709000 0.169647002389 0.212877412769 0.219704676704 0.204679152908 0.242978763723 0.296964532094 0.270242860190 0.354338777582 0.517891133228 0.489191017029 0.561907399650 0.378351344320 0.266483669840 0.227891884619 0.230265124723 0.221303642322 0.200140886858 0.189682622394 0.188240958948 0.198137529480 0.231551207264 0.208726552758 0.283045906846 0.153718563738 0.0910547122475 0.0896510903576 0.0798606018343
 0.000278808634024 0.000502545427265 0.00105396213681 0.00215034981003 0.00622431325033 0.00176920841489 0.00197103875743 0.0163313194998 0.0105586173433 0.00848364530192 0.0106420880446 0.0108777208689 0.00340049082260 0.00253752982606 0.00374624263819 0.00225018746862 0.000678755143863 0.000548418602600 0.00359004245571 0.00544173548050 0.00711015582461 0.00447259696620 0.00231362096067 0.00289362376609 0.00505942888332 0.0157809022614 0.0155653884944 0.0227015071544 0.0149399427865 0.00554450527459 0.00685023002009 0.0180969428570 0.00438787633640 0.00730163538831 0.00830212559020 0.00464361407787 0.0188560058434 0.0199955924961 0.0135346036955 0.00854431030614 0.00286660306562 0.0267465237115 0.0115313277010 0.000345798698418
 1.95954363846e-013 2.17326157070e-013 0.000602046141356 2.67008637422e-013 2.75057754351e-013 2.81719092499e-013 3.58513664755e-006 0.000273807505761 0.00566399590027 0.0350086621132 0.0304944766921 0.0375715363201 0.0781033623137 0.0883443730735 0.109870775181 0.0943887556960 0.0876171858645 0.0866599009551 0.0849271688027 0.0738338224022 0.0612326792492 0.0353269653886 0.00263207345402 1.88460358430e-013 2.06223926824e-013 2.82551759767e-013 4.08839628818e-013 5.91193760613e-013 6.52811138480e-013 2.05485307936e-006 0.000596489211074 0.00497527237217 0.0160422644530 0.0323663676034 0.0586298777303 0.0490457569315 0.0753917850367 0.106800923236 0.129377851983 0.164633732460 0.141761608114 0.0344512641417 0.0144672858148 0.0128535721959
# log_selcoffs_fsh[1]:
 -4.27443724555 -3.08186711605 -2.01064413674 -0.999975895591 -0.298106887664 0.426964102823 1.07565662176 0.970682447281 -0.524361178913
 -3.29012977076 -0.925548128833 0.510452220925 0.705164373204 0.735790632534 0.294621528651 -0.381595088860 -0.864306110714 -1.07192698568
# log_selcoffs_fsh[2]:
 -6.94737718548 -5.23743224029 -3.67577393458 -2.01023427972 -0.742060564964 0.184653781547 0.947192480049 1.18314546520 0.657413834330 -0.960708286766
 -6.53465492331 -4.49213332201 -2.93923946049 -1.91332287885 -1.11744840495 -0.457606530928 0.315327576128 0.853264061749 0.957730390243 0.917556375131
 -6.59747315984 -4.06176289308 -1.53881850039 -0.373654343154 0.00566063744444 0.138962759473 0.0808426154168 0.251134569682 0.601033198210 1.00434724951
 -6.67427822480 -4.67664517047 -2.77472958447 -0.940245937180 -0.253645164939 0.423014700222 0.457403661460 0.342233613253 0.647360958780 0.848207504704
# log_selcoffs_fsh[3]:
 -1.85644945486 0.212110311178 1.31993796021 0.130151659752 -0.923675550689 -1.61515875339 -2.04497718038
 -1.50620915278 1.01812507141 1.12049599715 -0.728792390338 -1.99290167181 -2.10626496240 -1.59261088225
# log_selcoffs_fsh[4]:
 -6.76481635984 -4.81965648158 -3.44568377374 -2.23792692232 -1.05252746860 -0.00288999584796 0.818261036891 1.24452228749 0.569970394060
 -6.44754179079 -4.19044851346 -1.89099462131 -0.846771197266 -0.691794760414 -0.266665014690 0.189405429052 0.692543788394 1.36854438998
# log_sel_spl_fsh[1]:
 0.00000000000 0.00000000000 0.00000000000 0.00000000000
 0.00000000000 0.00000000000 0.00000000000 0.00000000000
# log_sel_spl_fsh[2]:
 0.00000000000 0.00000000000 0.00000000000 0.00000000000
 0.00000000000 0.00000000000 0.00000000000 0.00000000000
 0.00000000000 0.00000000000 0.00000000000 0.00000000000
 0.00000000000 0.00000000000 0.00000000000 0.00000000000
# log_sel_spl_fsh[3]:
 0.00000000000 0.00000000000 0.00000000000 0.00000000000
 0.00000000000 0.00000000000 0.00000000000 0.00000000000
# log_sel_spl_fsh[4]:
 0.00000000000 0.00000000000 0.00000000000 0.00000000000
 0.00000000000 0.00000000000 0.00000000000 0.00000000000
# logsel_slope_fsh[1]:
 0.00000000000 0.00000000000
# logsel_slope_fsh[2]:
 0.00000000000 0.00000000000 0.00000000000 0.00000000000
# logsel_slope_fsh[3]:
 0.00000000000 0.00000000000
# logsel_slope_fsh[4]:
 0.00000000000 0.00000000000
# sel50_fsh[1]:
 0.00000000000 0.00000000000
# sel50_fsh[2]:
 0.00000000000 0.00000000000 0.00000000000 0.00000000000
# sel50_fsh[3]:
 0.00000000000 0.00000000000
# sel50_fsh[4]:
 0.00000000000 0.00000000000
# logsel_dslope_fsh[1]:
 0.00000000000 0.00000000000
# logsel_dslope_fsh[2]:
 0.00000000000 0.00000000000 0.00000000000 0.00000000000
# logsel_dslope_fsh[3]:
 0.00000000000 0.00000000000
# logsel_dslope_fsh[4]:
 0.00000000000 0.00000000000
# seld50_fsh[1]:
 9.00000000000 9.00000000000
# seld50_fsh[2]:
 9.00000000000 9.00000000000 9.00000000000 9.00000000000
# seld50_fsh[3]:
 9.00000000000 9.00000000000
# seld50_fsh[4]:
 9.00000000000 9.00000000000
# rec_dev_future:
 0.00000000000 0.00000000000 0.00000000000 0.00000000000 0.00000000000 0.00000000000 0.00000000000 0.00000000000 0.00000000000 0.00000000000
# log_q_ind[1]:
-0.849640533293
# log_q_ind[2]:
-3.67291597065
# log_q_ind[3]:
-9.94718125722
# log_q_ind[4]:
-0.778330982064
# log_q_ind[5]:
-2.94713818701
# log_q_ind[6]:
-4.46560648784
# log_q_ind[7]:
-8.18257300245
# log_q_ind[8]:
-8.23891974990
# log_q_ind[9]:
-4.79049990535
# log_q_power_ind[1]:
0.00000000000
# log_q_power_ind[2]:
0.00000000000
# log_q_power_ind[3]:
0.00000000000
# log_q_power_ind[4]:
0.00000000000
# log_q_power_ind[5]:
0.00000000000
# log_q_power_ind[6]:
0.00000000000
# log_q_power_ind[7]:
0.00000000000
# log_q_power_ind[8]:
0.00000000000
# log_q_power_ind[9]:
0.00000000000
# log_selcoffs_ind[1]:
 -4.37444220826 -2.53473721377 -0.797873077901 0.204230638927 0.363839700215 0.298376562319 0.160956664024 0.170645055821 0.337768742521 0.520116017667
 -4.53756831141 -3.55612153784 -2.60237597603 -1.67171096652 -0.782631958102 -0.0551993029962 0.353513573523 0.600749463278 0.817119224138 1.02378649066
# log_selcoffs_ind[2]:
 -1.08743876710 0.116533803896 0.116533803896 0.116533803896 0.116533803896 0.116533803896 0.116533803896 0.116533803896 0.116533803896 0.116533803896
# log_selcoffs_ind[3]:
 -0.106609722418 0.116533803896 0.116533803896 0.116533803896 0.116533803896 0.116533803896 0.116533803896 0.116533803896 0.116533803896 0.116533803896
# log_selcoffs_ind[4]:
 -2.48409781414 -1.55342397184 -0.744531843012 -0.203483917489 0.0577060482902 0.210411226982 0.319639006986 0.406971077456 0.466643756141 0.499030204059
 -3.09959610836 -2.25723739428 -1.42584938297 -0.691395879803 -0.138453902134 0.238630997264 0.463985433421 0.580212661778 0.594940614192 0.576140184450
# log_selcoffs_ind[5]:
 -3.10233962097 -0.727436133840 0.0439631185884 0.116533803896 0.116533803896 0.116533803896 0.116533803896 0.116533803896 0.116533803896 0.116533803896
# log_selcoffs_ind[6]:
 -3.10233962097 -0.727436133840 0.0439631185884 0.116533803896 0.116533803896 0.116533803896 0.116533803896 0.116533803896 0.116533803896 0.116533803896
# log_selcoffs_ind[7]:
 -3.10233962097 -0.727436133840 0.0439631185884 0.116533803896 0.116533803896 0.116533803896 0.116533803896 0.116533803896 0.116533803896 0.116533803896
# log_selcoffs_ind[8]:
 -3.10233962097 -0.727436133840 0.0439631185884 0.116533803896 0.116533803896 0.116533803896 0.116533803896 0.116533803896 0.116533803896 0.116533803896
# log_selcoffs_ind[9]:
 -3.10233962097 -0.727436133840 0.0439631185884 0.116533803896 0.116533803896 0.116533803896 0.116533803896 0.116533803896 0.116533803896 0.116533803896
# logsel_slope_ind[1]:
 0.00000000000 0.00000000000
# logsel_slope_ind[2]:
 0.00000000000
# logsel_slope_ind[3]:
 0.00000000000
# logsel_slope_ind[4]:
 0.00000000000 0.00000000000
# logsel_slope_ind[5]:
 0.00000000000
# logsel_slope_ind[6]:
 0.00000000000
# logsel_slope_ind[7]:
 0.00000000000
# logsel_slope_ind[8]:
 0.00000000000
# logsel_slope_ind[9]:
 0.00000000000
# sel50_ind[1]:
 0.00000000000 0.00000000000
# sel50_ind[2]:
 0.00000000000
# sel50_ind[3]:
 0.00000000000
# sel50_ind[4]:
 0.00000000000 0.00000000000
# sel50_ind[5]:
 0.00000000000
# sel50_ind[6]:
 0.00000000000
# sel50_ind[7]:
 0.00000000000
# sel50_ind[8]:
 0.00000000000
# sel50_ind[9]:
 0.00000000000
# logsel_dslope_ind[1]:
 0.00000000000 0.00000000000
# logsel_dslope_ind[2]:
 0.00000000000
# logsel_dslope_ind[3]:
 0.00000000000
# logsel_dslope_ind[4]:
 0.00000000000 0.00000000000
# logsel_dslope_ind[5]:
 0.00000000000
# logsel_dslope_ind[6]:
 0.00000000000
# logsel_dslope_ind[7]:
 0.00000000000
# logsel_dslope_ind[8]:
 0.00000000000
# logsel_dslope_ind[9]:
 0.00000000000
# seld50_ind[1]:
 9.00000000000 9.00000000000
# seld50_ind[2]:
 9.00000000000
# seld50_ind[3]:
 9.00000000000
# seld50_ind[4]:
 9.00000000000 9.00000000000
# repl_F:
0.222048683896
