# Number of parameters = 389  Objective function value = 1073.36  Maximum gradient component = 0.0323856
# Mest:
0.230000000000
# log_Linf:
4.33682004184
# log_k:
-2.40794560865
# log_Lo:
2.89037175790
# log_sdage:
-2.40794560865
# mean_log_rec:
9.31032780851
# steepness:
0.800000000000
# log_Rzero:
9.65097160478
# rec_dev:
 -0.624391732212 -0.714267066312 -0.809692478489 -0.911582849662 -1.01134888420 -1.10909717795 -1.03886939206 -1.02738308368 -0.860166744260 -0.765670133070 -0.627973238987 -0.379846687105 -0.340635249784 -0.252739184920 -0.167197315190 0.0489332205912 0.385061738825 0.607404735206 0.596296290259 0.550817819953 0.586386048500 0.689055431795 0.923664711061 0.938902980841 0.829821579151 1.41723292383 1.69720513811 0.973014990301 0.336292652312 0.452164485329 0.733826179892 0.879629025677 0.637994293610 0.398048587164 0.315006722701 0.447697757356 0.523343118338 0.660809680330 0.799541370845 0.668966510696 0.801510940654 0.780145748442 0.609465144374 0.164862667062 -0.199104147638 -0.553301997824 -0.984590609588 -0.327197250310 -0.286988249235 -0.573818786667 -0.384266008664 -0.127181867524 -0.491465554876 -0.139225769153 -0.0120055409605
# log_sigmar:
-0.543933194532
# fmort:
 0.0224595039179 0.0233348389986 0.00929878150301 0.0106923320713 0.0239313813406 0.0266196933081 0.0322099493992 0.0288588045526 0.0502127877771 0.0398013247136 0.0268180549167 0.0371442198006 0.0721581696612 0.0246915797158 0.0612631037674 0.0428845813939 0.00340355947456 0.0139432288413 0.0122356612480 0.0108612632062 0.0104232356985 0.0139252003031 0.0171202322729 0.0207034393814 0.0131801428191 0.0177885312723 0.0307325352303 0.0112559134617 0.00247276302456 0.00519496841734 0.00953536579791 0.0221189226370 0.00896363987244 0.0108834564992 0.0121687155898 0.0170930552284 0.0216716162093 0.0333195851396 0.0436675581502 0.0372388545981 0.0413989042540 0.00513304764480 0.00233337044289 0.00229186242997
 0.00136804340777 0.00420127833441 0.00142540010567 0.00175783165716 0.00240632417611 0.00631209048713 0.00940359842633 0.0112306869235 0.0210375332171 0.0256104353504 0.0220211997938 0.0401652976753 0.0644482822621 0.0549787275928 0.0722727291554 0.0984875484027 0.100053884725 0.178028381838 0.221094724136 0.222349638420 0.201326750241 0.231673115770 0.348092820786 0.316477022349 0.436930422543 0.763307658193 0.442162124222 0.486707329452 0.309209854245 0.200475178076 0.199909247535 0.197913658132 0.196772765937 0.179657258709 0.205456498937 0.201295177949 0.206795567074 0.240064738177 0.214673158928 0.294586390179 0.160474827770 0.0884463266275 0.0787872155677 0.0664374941903
 1.95676808090e-013 2.23432383706e-013 0.000617110757846 2.73669975570e-013 2.86715096109e-013 2.98094882112e-013 3.81648389808e-006 0.000295357098127 0.00607322754992 0.0375493612087 0.0326376214152 0.0399508697315 0.0822336269015 0.0931761902738 0.115622376913 0.0981311499155 0.0895908971553 0.0872746335937 0.0836225571740 0.0702070083147 0.0568744788965 0.0326288460904 0.00251266171332 1.96787031115e-013 2.45914399954e-013 3.41393580072e-013 4.40203429264e-013 5.47339951140e-013 5.70099523145e-013 1.87993366152e-006 0.000524649111168 0.00453392990362 0.0152570450495 0.0305550554850 0.0541989603040 0.0490158302729 0.0743318033378 0.104846848771 0.126364289793 0.164022393860 0.147350980382 0.0398936303723 0.0168439140072 0.0157437910887
# log_selcoffs_fsh[1]:
 -4.56271615361 -3.36441892012 -2.19741228494 -1.11173360800 -0.368866680064 0.380160475158 1.04849754951 1.03219847890 -0.356278758458
 -3.77518469422 -2.03967895080 -0.515949544028 0.159176435686 0.533238520103 0.630350190093 0.431095666694 0.175438541872 -0.269062688046
 -3.11852277261 -1.01903777752 0.638420220122 0.548767768924 0.457895063915 0.426044415630 -0.0681993753687 -0.647708839812 -0.913842860926
 -2.90512662236 -0.628203525713 0.533936151858 0.879242913690 0.866835530304 0.0277403792045 -0.906373572679 -1.39738393759 -1.43433762439
# log_selcoffs_fsh[2]:
 -6.80941935345 -5.22763131408 -3.71598701319 -2.04962522840 -0.768625645562 0.165027613755 0.936559303201 1.18833975624 0.678589626947 -0.932857939611
 -6.28124364921 -4.47323402637 -3.04507286059 -1.98907752525 -1.19576531209 -0.528685331444 0.260892156674 0.815097407986 0.949687307634 1.01814953576
 -6.12041892981 -4.15479601258 -2.43274338482 -1.13941431529 -0.630217954330 -0.169989120749 0.0230195285697 0.331424289020 0.735024981398 1.30735678109
 -6.35938825672 -3.56148639910 -0.912827132894 0.126252423554 0.447589731376 0.410464345118 0.183714441397 0.108169792662 0.267508288420 0.553453038706
 -6.34322211138 -3.95452627857 -1.65839087916 -0.271957365753 0.298486167792 0.425146191410 0.224990874495 0.138564374999 0.424694945340 0.797080042600
 -6.37336245644 -4.56610599798 -2.82138679197 -1.05571608513 -0.362197239052 0.364902458196 0.463049322348 0.374690508889 0.695462522934 0.873726034049
# log_selcoffs_fsh[3]:
 -6.41782647229 -4.71742510040 -3.47635888315 -2.25909399891 -1.06159127585 -0.0238334385093 0.797947857146 1.23774829455 0.622130013543
 -6.09372656611 -4.15848667959 -2.46344347725 -1.26968771636 -0.541150924679 -0.00862718177512 0.479968514772 0.903618564495 1.08452023287
 -5.96700743520 -3.69010509565 -1.38853568311 -0.258947331852 -0.185288843534 -0.204843649530 -0.0710625263899 0.490255940782 1.31945668944
 -6.03384184479 -4.07826972604 -2.25704424890 -1.74115311441 -1.23196604878 -0.198234302868 0.455952809504 0.921879184953 1.25193610396
 -5.75081630440 -4.30877413377 -3.09721380520 -2.21597238922 -1.68223819841 -0.953326451744 -0.245004000960 0.620913050746 1.72533578750
# log_sel_spl_fsh[1]:
 0.00000000000 0.00000000000 0.00000000000 0.00000000000
 0.00000000000 0.00000000000 0.00000000000 0.00000000000
 0.00000000000 0.00000000000 0.00000000000 0.00000000000
 0.00000000000 0.00000000000 0.00000000000 0.00000000000
# log_sel_spl_fsh[2]:
 0.00000000000 0.00000000000 0.00000000000 0.00000000000
 0.00000000000 0.00000000000 0.00000000000 0.00000000000
 0.00000000000 0.00000000000 0.00000000000 0.00000000000
 0.00000000000 0.00000000000 0.00000000000 0.00000000000
 0.00000000000 0.00000000000 0.00000000000 0.00000000000
 0.00000000000 0.00000000000 0.00000000000 0.00000000000
# log_sel_spl_fsh[3]:
 0.00000000000 0.00000000000 0.00000000000 0.00000000000
 0.00000000000 0.00000000000 0.00000000000 0.00000000000
 0.00000000000 0.00000000000 0.00000000000 0.00000000000
 0.00000000000 0.00000000000 0.00000000000 0.00000000000
 0.00000000000 0.00000000000 0.00000000000 0.00000000000
# logsel_slope_fsh[1]:
 0.00000000000 0.00000000000 0.00000000000 0.00000000000
# logsel_slope_fsh[2]:
 0.00000000000 0.00000000000 0.00000000000 0.00000000000 0.00000000000 0.00000000000
# logsel_slope_fsh[3]:
 0.00000000000 0.00000000000 0.00000000000 0.00000000000 0.00000000000
# sel50_fsh[1]:
 0.00000000000 0.00000000000 0.00000000000 0.00000000000
# sel50_fsh[2]:
 0.00000000000 0.00000000000 0.00000000000 0.00000000000 0.00000000000 0.00000000000
# sel50_fsh[3]:
 0.00000000000 0.00000000000 0.00000000000 0.00000000000 0.00000000000
# logsel_dslope_fsh[1]:
 0.00000000000 0.00000000000 0.00000000000 0.00000000000
# logsel_dslope_fsh[2]:
 0.00000000000 0.00000000000 0.00000000000 0.00000000000 0.00000000000 0.00000000000
# logsel_dslope_fsh[3]:
 0.00000000000 0.00000000000 0.00000000000 0.00000000000 0.00000000000
# seld50_fsh[1]:
 9.00000000000 9.00000000000 9.00000000000 9.00000000000
# seld50_fsh[2]:
 9.00000000000 9.00000000000 9.00000000000 9.00000000000 9.00000000000 9.00000000000
# seld50_fsh[3]:
 9.00000000000 9.00000000000 9.00000000000 9.00000000000 9.00000000000
# rec_dev_future:
 0.00000000000 0.00000000000 0.00000000000 0.00000000000 0.00000000000 0.00000000000 0.00000000000 0.00000000000 0.00000000000 0.00000000000
# log_q_ind[1]:
-0.798683712906
# log_q_ind[2]:
-3.69575992463
# log_q_ind[3]:
-9.95446794435
# log_q_ind[4]:
-0.753139413631
# log_q_ind[5]:
-8.19024070943
# log_q_ind[6]:
-8.24332770787
# log_q_ind[7]:
-4.76078673500
# log_q_power_ind[1]:
0.00000000000
# log_q_power_ind[2]:
0.00000000000
# log_q_power_ind[3]:
0.00000000000
# log_q_power_ind[4]:
0.00000000000
# log_q_power_ind[5]:
0.00000000000
# log_q_power_ind[6]:
0.00000000000
# log_q_power_ind[7]:
0.00000000000
# log_selcoffs_ind[1]:
 -4.52521113816 -2.67674285268 -0.925528509036 0.109329807641 0.326305848911 0.286960098323 0.138446134266 0.157737335521 0.385079237520 0.642506945635
 -4.70509951513 -3.68456559977 -2.68902358585 -1.72437654248 -0.833195255267 -0.130303840138 0.279721033683 0.566708409121 0.840240433711 1.10027206226
# log_selcoffs_ind[2]:
 -1.08743876710 0.116533803896 0.116533803896 0.116533803896 0.116533803896 0.116533803896 0.116533803896 0.116533803896 0.116533803896 0.116533803896
# log_selcoffs_ind[3]:
 -0.106609722418 0.116533803896 0.116533803896 0.116533803896 0.116533803896 0.116533803896 0.116533803896 0.116533803896 0.116533803896 0.116533803896
# log_selcoffs_ind[4]:
 -2.54185998392 -1.59380414794 -0.774182565038 -0.241922773370 -0.000237739116596 0.150743806461 0.285272886299 0.412679275090 0.517566552544 0.582520395943
 -3.15730568907 -2.31196850767 -1.47846228124 -0.740876569874 -0.180943914400 0.205780367688 0.450255922578 0.585309336618 0.623343031045 0.621292070409
# log_selcoffs_ind[5]:
 -3.10233962097 -0.727436133840 0.0439631185884 0.116533803896 0.116533803896 0.116533803896 0.116533803896 0.116533803896 0.116533803896 0.116533803896
# log_selcoffs_ind[6]:
 -3.10233962097 -0.727436133840 0.0439631185884 0.116533803896 0.116533803896 0.116533803896 0.116533803896 0.116533803896 0.116533803896 0.116533803896
# log_selcoffs_ind[7]:
 -3.10233962097 -0.727436133840 0.0439631185884 0.116533803896 0.116533803896 0.116533803896 0.116533803896 0.116533803896 0.116533803896 0.116533803896
# logsel_slope_ind[1]:
 0.00000000000 0.00000000000
# logsel_slope_ind[2]:
 0.00000000000
# logsel_slope_ind[3]:
 0.00000000000
# logsel_slope_ind[4]:
 0.00000000000 0.00000000000
# logsel_slope_ind[5]:
 0.00000000000
# logsel_slope_ind[6]:
 0.00000000000
# logsel_slope_ind[7]:
 0.00000000000
# sel50_ind[1]:
 0.00000000000 0.00000000000
# sel50_ind[2]:
 0.00000000000
# sel50_ind[3]:
 0.00000000000
# sel50_ind[4]:
 0.00000000000 0.00000000000
# sel50_ind[5]:
 0.00000000000
# sel50_ind[6]:
 0.00000000000
# sel50_ind[7]:
 0.00000000000
# logsel_dslope_ind[1]:
 0.00000000000 0.00000000000
# logsel_dslope_ind[2]:
 0.00000000000
# logsel_dslope_ind[3]:
 0.00000000000
# logsel_dslope_ind[4]:
 0.00000000000 0.00000000000
# logsel_dslope_ind[5]:
 0.00000000000
# logsel_dslope_ind[6]:
 0.00000000000
# logsel_dslope_ind[7]:
 0.00000000000
# seld50_ind[1]:
 9.00000000000 9.00000000000
# seld50_ind[2]:
 9.00000000000
# seld50_ind[3]:
 9.00000000000
# repl_F:
0.184672325989
