# Number of parameters = 657  Objective function value = 1774.15  Maximum gradient component = 0.00566183
# Mest:
0.230000000000
# log_Linf:
4.30945594184
# log_k:
-1.83258146375
# log_Lo:
2.89037175790
# log_sdage:
-2.40794560865
# mean_log_rec:
9.42316597540
# steepness:
0.800000000000
# log_Rzero:
9.73812620273
# rec_dev:
 -0.627055978488 -0.717177788848 -0.812941592974 -0.915059368981 -1.01850876857 -1.11981520171 -1.03623792024 -1.00758628665 -0.800357157282 -0.689687668861 -0.566941366485 -0.308261600082 -0.295505229631 -0.207357823052 -0.146141221101 0.0630737213886 0.438367567637 0.633528846989 0.610876299717 0.586477816053 0.581450882673 0.641950824821 0.887707659916 1.00172908819 0.864347356373 1.31668681054 1.52707128798 0.833758863784 0.522708084411 0.711446486125 0.640940019365 0.680921940601 0.562363680137 0.630669744565 0.405758904994 0.520978562309 0.761739439268 0.573049205682 0.809737625565 0.826874390133 0.939787913741 0.804725142602 0.483520867900 0.195015803276 -0.297225701722 -0.415103450251 -0.652452226404 -0.197292535373 -0.369912765675 -0.814408781884 -0.216085288897 0.0126121244605 -0.683741840419 -0.356677463526 -0.193213676840
# log_sigmar:
-0.510825623766
# fmort:
 0.0121124368223 0.0184730964873 0.00856467084190 0.0109533939045 0.0210646779932 0.0256315035260 0.0302560910506 0.0252684347468 0.0482592400372 0.0394488689114 0.0265474727140 0.0379973912495 0.0716904078669 0.0274613531826 0.0636523113744 0.0434371504537 0.00400151490455 0.0101644478697 0.0103696709568 0.0112222004504 0.0123765678256 0.0163722168729 0.0168191439988 0.0199258394005 0.0133772542976 0.0175487950187 0.0304754246576 0.0122598798994 0.00369531690181 0.00623753708476 0.00962577879136 0.0204095539869 0.00801999402345 0.0110161235861 0.0124888771345 0.0171123213866 0.0197722631852 0.0295084499000 0.0370823802876 0.0335483664897 0.0412951551401 0.00663979657106 0.00312171245061 0.00487031163510
 0.00168034733801 0.00264502178596 0.00408484326050 0.00674282236974 0.00477445243839 0.00841074457524 0.0105337079485 0.0148153753225 0.0234456402142 0.0289236776942 0.0254874281526 0.0499055368635 0.0673302049848 0.0549775721214 0.0747064887023 0.108129534483 0.121161215527 0.157719211730 0.219115726371 0.228165306395 0.235309251657 0.290380404867 0.411402963363 0.403386400762 0.495478268471 0.639754436829 0.603312147930 0.575763837733 0.317431530574 0.202820611641 0.166812590943 0.198843169285 0.205221019372 0.192378393468 0.187628448374 0.190257339126 0.202181688439 0.250417585733 0.220689706606 0.282990316050 0.139726066726 0.0777927379850 0.0528902453861 0.0428819229806
 0.000236037582897 0.000438156549059 0.000945032307514 0.00200036708889 0.00589258495450 0.00168293337401 0.00190959334388 0.0160519151194 0.0105519162941 0.00860664167245 0.0108613532103 0.0110971038240 0.00341034158828 0.00248157906911 0.00348245833435 0.00196851918315 0.000665407918751 0.000577480910774 0.00393119010308 0.00631217437040 0.00790880095255 0.00490012094058 0.00252268339697 0.00317786178006 0.00556374558405 0.0168159762843 0.0159989439972 0.0215959046605 0.0141835857043 0.00523253975243 0.00661899039178 0.0182950098483 0.00369947069965 0.00602529327464 0.00677946813473 0.00375627915168 0.0158529245284 0.0176006332041 0.0111022334610 0.00566252101655 0.00185649471158 0.0198216728659 0.00913114518561 0.00327397440345
 1.79578574233e-013 2.02338146238e-013 0.000551080498996 2.41195952100e-013 2.53408405371e-013 2.62012633812e-013 3.34570098931e-006 0.000258642974281 0.00537880468913 0.0335006675391 0.0296016211602 0.0368310917031 0.0788962873955 0.0929346133567 0.120999775495 0.0962177216124 0.0872521310355 0.0814708673685 0.0749169371777 0.0618571031752 0.0530951056129 0.0324093725748 0.00279377892733 1.95121696578e-013 2.24265050974e-013 3.18078896555e-013 5.22915044598e-013 7.67164110016e-013 8.33222379981e-013 2.51590710182e-006 0.000711733974513 0.00559273367699 0.0177993414624 0.0344532361945 0.0596430560266 0.0478894764280 0.0722701979207 0.103719414992 0.125088993998 0.152132771756 0.120260015435 0.0262975444716 0.0146176906036 0.0153145562794
# log_selcoffs_fsh[1]:
 -4.27216420341 -3.09614257217 -2.03591926866 -1.02950105298 -0.312713663837 0.416197636324 1.06493640444 0.981182416258 -0.450716142933
 -3.25615473165 -0.920599169377 0.494742520800 0.694052196323 0.734793608303 0.290019622625 -0.366295295283 -0.823039543278 -1.00130882280
# log_selcoffs_fsh[2]:
 -6.81004880260 -5.25026538124 -3.73061092488 -2.01517094124 -0.616597687633 0.275400998751 0.958638063422 1.15883943571 0.615785248661 -1.09645243023
 -6.71965754821 -5.17094890429 -3.56453389945 -2.09457105420 -0.945401024027 0.157774518719 0.976863832661 1.20945414342 0.553305589222 -0.624563569256
 -6.58985220029 -5.11364326894 -3.64058157970 -2.22829524706 -1.11630793060 -0.00470019862434 0.935602499511 1.20924783540 0.619936328804 -0.251872835724
 -6.41334494028 -4.94854123715 -3.60342360375 -2.34377759264 -1.27839921404 -0.290471431290 0.758430434295 1.22187346237 0.786150782512 0.111796097363
 -6.23438847333 -4.63187420007 -3.26174282101 -2.26405062124 -1.46332194738 -0.542669458636 0.555025866287 1.12716627255 0.930739993749 0.511699398248
 -6.06646619555 -4.60308018514 -3.18937415066 -1.90149519939 -1.11324728902 -0.642419152203 0.157886687748 0.844885335055 1.04198955745 0.958971661555
 -5.92588583119 -4.58850068620 -3.31875117362 -2.15724571518 -1.13185230460 -0.349948795625 0.120960339669 0.559783595522 0.922980463054 1.22744733152
 -5.82681613965 -4.54673705123 -3.37635738606 -2.34665010914 -1.38575157214 -0.597221086357 0.128030260889 0.505287908303 0.850594320242 1.36635373956
 -5.80778014330 -4.49473456514 -3.27799273922 -2.33885913585 -1.59484396167 -0.832353224472 0.00748577119817 0.653092062218 0.916226850623 1.33101818327
 -5.72953011565 -4.37472771147 -3.10087276262 -2.06429540093 -1.32380847755 -0.777313679711 -0.283998273078 0.419716400556 0.951578763882 1.44040137646
 -5.67203470713 -4.20326245753 -2.74740329185 -1.54259519225 -0.862459450792 -0.449247801095 -0.0966213420298 0.223389511733 0.729778745929 1.48401833369
 -5.71377064364 -4.10437278106 -2.56236988760 -1.21254993936 -0.616072329403 -0.230708654791 0.00698074859164 0.333154001794 0.852787684506 1.25933052564
 -5.75428353553 -3.95018902569 -2.17287193213 -0.729086806021 -0.250109948023 0.107763037325 0.257786845222 0.408132256040 0.711125106743 0.976268124714
 -5.76618771594 -3.71783901043 -1.73045361397 -0.478432212014 0.213649398990 0.343931258264 0.347876567774 0.413088618756 0.543204007180 0.630155906559
 -5.71195140287 -3.37372066366 -1.18834396042 0.105520217192 0.530279427384 0.454012255294 0.175505955251 0.157366633341 0.328524188924 0.419501342705
 -5.62262422531 -3.09451082522 -0.804830740499 0.340725921812 0.510451884462 0.378604069081 0.157212384271 0.104532105266 0.237903510064 0.352518267401
 -5.57766623863 -3.02546169591 -0.649569740174 0.287698892959 0.525754009941 0.384312232700 0.140033131422 0.0775504251773 0.214749688989 0.379270959590
 -5.52626660576 -3.27559857258 -1.19017173532 0.109924538013 0.525109466641 0.462745475806 0.197113223916 0.104854092970 0.267222764200 0.484909036542
 -5.49157806607 -3.42916790534 -1.51003334650 -0.154696117616 0.542470026539 0.543795735860 0.232520329550 0.105087592796 0.286745071630 0.552985084219
 -5.41214429445 -3.46877110869 -1.63458100174 -0.347736981775 0.276144847838 0.400586111352 0.227365983340 0.166011646174 0.435976845370 0.819769627806
 -5.39496743592 -3.59621635901 -1.88897397335 -0.550644215301 0.171319018835 0.406040578230 0.258169016446 0.165495960129 0.451804637121 0.919012876806
 -5.43566605120 -3.74871384666 -2.14248894067 -0.878018756075 -0.0162812475927 0.490076666507 0.417431316783 0.246613529779 0.475916932261 0.881948898163
 -5.48285113238 -3.88208950860 -2.42495892350 -1.20072697815 -0.297017438871 0.485350923429 0.514265637892 0.382338406369 0.538554593893 0.861350954624
 -5.59311923729 -4.01000448670 -2.52171606959 -1.27824299316 -0.500577367152 0.186933348112 0.603051298913 0.536851981461 0.661770689848 0.846317154953
 -5.67278459991 -4.10336758281 -2.51196565587 -0.990523529021 -0.375782974819 -0.108365419727 0.307447547646 0.619285862782 0.755560476480 0.954413956067
 -5.73433756059 -4.13416713676 -2.72566428453 -1.42357749357 -0.520870820296 0.164628763397 0.292019684250 0.470203980373 0.751487968284 1.04445056220
 -5.92504221105 -4.27223295770 -2.67219649870 -1.38721818203 -0.637699328405 0.168561412443 0.449733222239 0.504533438918 0.700921782481 0.997938592336
 -6.06832233743 -4.36949463946 -2.53822522265 -0.852365241130 -0.398663168469 0.0910045089817 0.276823576802 0.363898285092 0.760819693178 1.03504529564
 -6.23924143665 -4.55376462892 -2.77650910866 -0.986959446144 -0.344866502306 0.421960475810 0.434565429012 0.367481904472 0.765829183901 0.779385353837
 -6.43919946343 -4.70089360087 -2.94602040430 -1.12481652854 0.385340821277 0.828092709133 0.676159477008 0.345294603985 0.243271175347 0.181369928101
 -6.50997477744 -4.68351841231 -2.72118678653 -0.845726980001 0.301838797077 1.09530948402 0.707316322287 0.116833438011 -0.0152198959769 0.0143017752831
# log_selcoffs_fsh[3]:
 -1.76788496400 0.324572393377 1.30050091101 0.0748854827353 -1.23300003761 -1.68527514925 -1.51339540174
 -1.86360016093 0.720578688393 1.13919113886 0.0227036521323 -1.41243907317 -1.77407903249 -1.47458957764
# log_selcoffs_fsh[4]:
 -6.70385134169 -4.80197186322 -3.45292814170 -2.24468768412 -1.05199022924 -0.00485439388013 0.812462994950 1.23319924831 0.600430649173
 -6.42545131182 -4.21273087602 -2.02945861208 -1.02867722661 -0.740228892130 -0.149600238001 0.353023523200 0.770509315328 1.27323768694
# log_sel_spl_fsh[1]:
 0.00000000000 0.00000000000 0.00000000000 0.00000000000
 0.00000000000 0.00000000000 0.00000000000 0.00000000000
# log_sel_spl_fsh[2]:
 0.00000000000 0.00000000000 0.00000000000 0.00000000000
 0.00000000000 0.00000000000 0.00000000000 0.00000000000
 0.00000000000 0.00000000000 0.00000000000 0.00000000000
 0.00000000000 0.00000000000 0.00000000000 0.00000000000
 0.00000000000 0.00000000000 0.00000000000 0.00000000000
 0.00000000000 0.00000000000 0.00000000000 0.00000000000
 0.00000000000 0.00000000000 0.00000000000 0.00000000000
 0.00000000000 0.00000000000 0.00000000000 0.00000000000
 0.00000000000 0.00000000000 0.00000000000 0.00000000000
 0.00000000000 0.00000000000 0.00000000000 0.00000000000
 0.00000000000 0.00000000000 0.00000000000 0.00000000000
 0.00000000000 0.00000000000 0.00000000000 0.00000000000
 0.00000000000 0.00000000000 0.00000000000 0.00000000000
 0.00000000000 0.00000000000 0.00000000000 0.00000000000
 0.00000000000 0.00000000000 0.00000000000 0.00000000000
 0.00000000000 0.00000000000 0.00000000000 0.00000000000
 0.00000000000 0.00000000000 0.00000000000 0.00000000000
 0.00000000000 0.00000000000 0.00000000000 0.00000000000
 0.00000000000 0.00000000000 0.00000000000 0.00000000000
 0.00000000000 0.00000000000 0.00000000000 0.00000000000
 0.00000000000 0.00000000000 0.00000000000 0.00000000000
 0.00000000000 0.00000000000 0.00000000000 0.00000000000
 0.00000000000 0.00000000000 0.00000000000 0.00000000000
 0.00000000000 0.00000000000 0.00000000000 0.00000000000
 0.00000000000 0.00000000000 0.00000000000 0.00000000000
 0.00000000000 0.00000000000 0.00000000000 0.00000000000
 0.00000000000 0.00000000000 0.00000000000 0.00000000000
 0.00000000000 0.00000000000 0.00000000000 0.00000000000
 0.00000000000 0.00000000000 0.00000000000 0.00000000000
 0.00000000000 0.00000000000 0.00000000000 0.00000000000
 0.00000000000 0.00000000000 0.00000000000 0.00000000000
# log_sel_spl_fsh[3]:
 0.00000000000 0.00000000000 0.00000000000 0.00000000000
 0.00000000000 0.00000000000 0.00000000000 0.00000000000
# log_sel_spl_fsh[4]:
 0.00000000000 0.00000000000 0.00000000000 0.00000000000
 0.00000000000 0.00000000000 0.00000000000 0.00000000000
# logsel_slope_fsh[1]:
 0.00000000000 0.00000000000
# logsel_slope_fsh[2]:
 0.00000000000 0.00000000000 0.00000000000 0.00000000000 0.00000000000 0.00000000000 0.00000000000 0.00000000000 0.00000000000 0.00000000000 0.00000000000 0.00000000000 0.00000000000 0.00000000000 0.00000000000 0.00000000000 0.00000000000 0.00000000000 0.00000000000 0.00000000000 0.00000000000 0.00000000000 0.00000000000 0.00000000000 0.00000000000 0.00000000000 0.00000000000 0.00000000000 0.00000000000 0.00000000000 0.00000000000
# logsel_slope_fsh[3]:
 0.00000000000 0.00000000000
# logsel_slope_fsh[4]:
 0.00000000000 0.00000000000
# sel50_fsh[1]:
 0.00000000000 0.00000000000
# sel50_fsh[2]:
 0.00000000000 0.00000000000 0.00000000000 0.00000000000 0.00000000000 0.00000000000 0.00000000000 0.00000000000 0.00000000000 0.00000000000 0.00000000000 0.00000000000 0.00000000000 0.00000000000 0.00000000000 0.00000000000 0.00000000000 0.00000000000 0.00000000000 0.00000000000 0.00000000000 0.00000000000 0.00000000000 0.00000000000 0.00000000000 0.00000000000 0.00000000000 0.00000000000 0.00000000000 0.00000000000 0.00000000000
# sel50_fsh[3]:
 0.00000000000 0.00000000000
# sel50_fsh[4]:
 0.00000000000 0.00000000000
# logsel_dslope_fsh[1]:
 0.00000000000 0.00000000000
# logsel_dslope_fsh[2]:
 0.00000000000 0.00000000000 0.00000000000 0.00000000000 0.00000000000 0.00000000000 0.00000000000 0.00000000000 0.00000000000 0.00000000000 0.00000000000 0.00000000000 0.00000000000 0.00000000000 0.00000000000 0.00000000000 0.00000000000 0.00000000000 0.00000000000 0.00000000000 0.00000000000 0.00000000000 0.00000000000 0.00000000000 0.00000000000 0.00000000000 0.00000000000 0.00000000000 0.00000000000 0.00000000000 0.00000000000
# logsel_dslope_fsh[3]:
 0.00000000000 0.00000000000
# logsel_dslope_fsh[4]:
 0.00000000000 0.00000000000
# seld50_fsh[1]:
 9.00000000000 9.00000000000
# seld50_fsh[2]:
 9.00000000000 9.00000000000 9.00000000000 9.00000000000 9.00000000000 9.00000000000 9.00000000000 9.00000000000 9.00000000000 9.00000000000 9.00000000000 9.00000000000 9.00000000000 9.00000000000 9.00000000000 9.00000000000 9.00000000000 9.00000000000 9.00000000000 9.00000000000 9.00000000000 9.00000000000 9.00000000000 9.00000000000 9.00000000000 9.00000000000 9.00000000000 9.00000000000 9.00000000000 9.00000000000 9.00000000000
# seld50_fsh[3]:
 9.00000000000 9.00000000000
# seld50_fsh[4]:
 9.00000000000 9.00000000000
# rec_dev_future:
 0.00000000000 0.00000000000 0.00000000000 0.00000000000 0.00000000000 0.00000000000 0.00000000000 0.00000000000 0.00000000000 0.00000000000
# log_q_ind[1]:
0.0371590353999
# log_q_ind[2]:
-3.79529764960
# log_q_ind[3]:
-9.93797240169
# log_q_ind[4]:
-0.731575488292
# log_q_ind[5]:
-1.47695666790
# log_q_ind[6]:
-4.62717114089
# log_q_ind[7]:
-8.38145919496
# log_q_ind[8]:
-2.97165149536
# log_q_ind[9]:
-4.89807826310
# log_q_power_ind[1]:
0.00000000000
# log_q_power_ind[2]:
0.00000000000
# log_q_power_ind[3]:
0.00000000000
# log_q_power_ind[4]:
0.00000000000
# log_q_power_ind[5]:
0.00000000000
# log_q_power_ind[6]:
0.00000000000
# log_q_power_ind[7]:
0.00000000000
# log_q_power_ind[8]:
0.00000000000
# log_q_power_ind[9]:
0.00000000000
# log_rw_q_ind[1]:
 -1.20395788604
# log_rw_q_ind[3]:
 -0.503561425551
# log_rw_q_ind[5]:
 -0.208619385970 -2.07234980392
# log_selcoffs_ind[1]:
 -5.00114697659 -3.13412772530 -1.35064962726 -0.235400803834 0.103075402243 0.229568108177 0.242323006215 0.349924852904 0.559101203690 0.737885456603
 -5.03976587854 -3.93215817834 -2.85424998760 -1.81600330879 -0.858335187178 -0.106867489651 0.301510296846 0.564521013652 0.830971645450 1.10693935697
# log_selcoffs_ind[2]:
 -1.08743876710 0.116533803896 0.116533803896 0.116533803896 0.116533803896 0.116533803896 0.116533803896 0.116533803896 0.116533803896 0.116533803896
# log_selcoffs_ind[3]:
 -0.106609722418 0.116533803896 0.116533803896 0.116533803896 0.116533803896 0.116533803896 0.116533803896 0.116533803896 0.116533803896 0.116533803896
# log_selcoffs_ind[4]:
 -2.59096897484 -1.64748073884 -0.826375909338 -0.277731201781 -0.00445226147093 0.165457804236 0.300450716225 0.423361509500 0.523185723327 0.586088750020
 -3.22685667782 -2.38000891035 -1.54485311873 -0.809126964922 -0.248713812423 0.148996079963 0.418585959566 0.596141178772 0.668496517428 0.684355351052
# log_selcoffs_ind[5]:
 -3.10233962097 -0.727436133840 0.0439631185884 0.116533803896 0.116533803896 0.116533803896 0.116533803896 0.116533803896 0.116533803896 0.116533803896
# log_selcoffs_ind[6]:
 -3.10233962097 -0.727436133840 0.0439631185884 0.116533803896 0.116533803896 0.116533803896 0.116533803896 0.116533803896 0.116533803896 0.116533803896
# log_selcoffs_ind[7]:
 -3.10233962097 -0.727436133840 0.0439631185884 0.116533803896 0.116533803896 0.116533803896 0.116533803896 0.116533803896 0.116533803896 0.116533803896
# log_selcoffs_ind[8]:
 -3.10233962097 -0.727436133840 0.0439631185884 0.116533803896 0.116533803896 0.116533803896 0.116533803896 0.116533803896 0.116533803896 0.116533803896
# log_selcoffs_ind[9]:
 -3.10233962097 -0.727436133840 0.0439631185884 0.116533803896 0.116533803896 0.116533803896 0.116533803896 0.116533803896 0.116533803896 0.116533803896
# logsel_slope_ind[1]:
 0.00000000000 0.00000000000
# logsel_slope_ind[2]:
 0.00000000000
# logsel_slope_ind[3]:
 0.00000000000
# logsel_slope_ind[4]:
 0.00000000000 0.00000000000
# logsel_slope_ind[5]:
 0.00000000000
# logsel_slope_ind[6]:
 0.00000000000
# logsel_slope_ind[7]:
 0.00000000000
# logsel_slope_ind[8]:
 0.00000000000
# logsel_slope_ind[9]:
 0.00000000000
# sel50_ind[1]:
 0.00000000000 0.00000000000
# sel50_ind[2]:
 0.00000000000
# sel50_ind[3]:
 0.00000000000
# sel50_ind[4]:
 0.00000000000 0.00000000000
# sel50_ind[5]:
 0.00000000000
# sel50_ind[6]:
 0.00000000000
# sel50_ind[7]:
 0.00000000000
# sel50_ind[8]:
 0.00000000000
# sel50_ind[9]:
 0.00000000000
# logsel_dslope_ind[1]:
 0.00000000000 0.00000000000
# logsel_dslope_ind[2]:
 0.00000000000
# logsel_dslope_ind[3]:
 0.00000000000
# logsel_dslope_ind[4]:
 0.00000000000 0.00000000000
# logsel_dslope_ind[5]:
 0.00000000000
# logsel_dslope_ind[6]:
 0.00000000000
# logsel_dslope_ind[7]:
 0.00000000000
# logsel_dslope_ind[8]:
 0.00000000000
# logsel_dslope_ind[9]:
 0.00000000000
# seld50_ind[1]:
 9.00000000000 9.00000000000
# seld50_ind[2]:
 9.00000000000
# seld50_ind[3]:
 9.00000000000
# seld50_ind[4]:
 9.00000000000 9.00000000000
# repl_F:
0.148572218175
