# Number of parameters = 378  Objective function value = 1863.05  Maximum gradient component = 0.0233692
# Mest:
0.230000000000
# log_Linf:
4.30945594184
# log_k:
-1.83258146375
# log_Lo:
2.89037175790
# log_sdage:
-2.40794560865
# mean_log_rec:
9.36037155674
# steepness:
0.800000000000
# log_Rzero:
9.64009655743
# rec_dev:
 -0.636667128845 -0.727741452363 -0.823063668132 -0.923397129029 -1.01868733938 -1.11222091944 -1.03222927657 -1.01338385391 -0.810810670787 -0.702122798112 -0.580252176702 -0.310869667974 -0.290400542553 -0.208196089075 -0.149400225949 0.0766015632540 0.474945933993 0.675928055589 0.643446098095 0.611160159637 0.600826516184 0.643134032998 0.865651044616 0.962547489262 0.825574313488 1.33773067025 1.56171599640 0.901117986641 0.718919004099 0.817087918553 0.759577166851 0.827611066026 0.705429811840 0.748569159108 0.454520083739 0.505138570063 0.555002943228 0.403457580614 0.642536393851 0.735676399371 0.951215743346 0.750802221888 0.462615444755 0.183553880724 -0.418721408767 -0.398009983808 -0.736587376919 -0.461226406078 -0.914431496390 -1.61221905035 -0.731194263506 -0.130315514657 -0.317204511574 0.0157916060939
# log_sigmar:
-0.510825623766
# fmort:
 0.0248292793798 0.0253940855192 0.00993340628622 0.0111761739195 0.0246044973407 0.0271458759552 0.0274627458739 0.0272464302726 0.0424622935948 0.0306503398713 0.0216415018559 0.0316244704795 0.0621462670577 0.0213316752828 0.0570278824744 0.0389365310904 0.00300215751886 0.00935124651165 0.00935578256696 0.00874842029038 0.00957011019479 0.0133346295009 0.0168220777111 0.0219840610094 0.0122877503498 0.0154811555143 0.0224934123282 0.00841339601971 0.00193514877150 0.00413120264304 0.00798341043144 0.0175176788140 0.00722441041585 0.0104901715163 0.0126819104840 0.0173384183114 0.0216016319709 0.0325558741634 0.0459405711394 0.0478013748428 0.0776979562748 0.00980936250081 0.00423632906421
 0.00134766682499 0.00410979987581 0.00137725288688 0.00166912188553 0.00224935456740 0.00585971752856 0.00871220116136 0.0103883536762 0.0196759639857 0.0239712278064 0.0206616400654 0.0379403277680 0.0612284005952 0.0524217257894 0.0696517441300 0.0963985931444 0.0989796184834 0.164302638520 0.205627094829 0.208363275543 0.193382369005 0.233247972383 0.286035765855 0.260972970459 0.344809674764 0.505161941858 0.476993394948 0.546703554540 0.368982903305 0.261679724505 0.225223077464 0.227112423553 0.218010371790 0.197448584944 0.187025967191 0.185622958541 0.195018516120 0.229111043716 0.208367679623 0.294167894422 0.177603938186 0.118938677881 0.126937517820
 0.000295908414683 0.000523436856648 0.00109768355979 0.00219853840539 0.00635483200809 0.00180492906614 0.00197087146209 0.0161622538483 0.0103432239083 0.00825466403711 0.0104083226462 0.0107472457342 0.00335819917191 0.00247242346432 0.00347146749066 0.00193425517907 0.000640306533617 0.000539983306364 0.00345925484017 0.00535007112809 0.00712950248823 0.00447234250844 0.00229040570939 0.00288787932147 0.00509871318889 0.0157318684714 0.0156792360767 0.0229019102676 0.0148417431684 0.00547873305857 0.00666578250644 0.0175430640705 0.00419846840415 0.00712943862000 0.00855140766327 0.00505771473120 0.0206899797734 0.0241497062701 0.0175430599595 0.0117576760038 0.00384866092291 0.0320814253120 0.0123350506407
 2.00395255945e-013 2.26763052780e-013 0.000618836379788 2.67841304691e-013 2.79776202206e-013 2.87547763378e-013 3.65402588964e-006 0.000277877493557 0.00573892158627 0.0351661250128 0.0302728814387 0.0369770554671 0.0760760076065 0.0859591632276 0.107025537833 0.0918474514634 0.0847758769343 0.0828587001866 0.0788883004055 0.0667480923180 0.0562013443189 0.0336367377030 0.00255883937082 1.85407245112e-013 2.03725925019e-013 2.78388423425e-013 4.01623179158e-013 5.61495294704e-013 6.18671780472e-013 1.94247253199e-006 0.000566762497593 0.00474819368432 0.0153809859663 0.0310985188786 0.0562056852484 0.0468759095649 0.0719269361984 0.101878980777 0.124900266633 0.165143348336 0.155041730813 0.0417721286318 0.0188987533056
# log_selcoffs_fsh[1]:
 -4.22007779226 -3.02788355376 -1.99506995994 -0.994139090894 -0.297271147187 0.438237066096 1.07870468538 0.958245781812 -0.527570311318
 -3.14608534697 -0.602895334959 0.589779014995 0.780547975305 0.414736187692 0.203958540528 -0.282807900163 -0.671155673847 -0.871087069095
# log_selcoffs_fsh[2]:
 -6.93391747059 -5.22884419624 -3.67239588979 -2.00447577659 -0.720510275800 0.209098590366 0.962296391276 1.17593717942 0.627580322701 -0.961035926430
 -6.50882629372 -4.46650868476 -2.92069393025 -1.91209072531 -1.13577943008 -0.473178044800 0.301030865275 0.835516675945 0.955783899470 0.949028712267
 -6.58465873049 -4.04225251770 -1.53237525305 -0.378919651713 -0.00677761387814 0.125983504772 0.0722871441813 0.257100055983 0.615371344858 1.00592930521
 -6.66915553243 -4.63390244848 -2.71558148492 -0.846457360732 -0.204149173350 0.392537951823 0.392308702582 0.341787470989 0.647395871773 0.875229504947
# log_selcoffs_fsh[3]:
 -1.83711107913 0.253169964630 1.27897424974 0.258556999324 -0.837630420093 -1.87360363029 -2.54714834619
 -1.56321888660 1.05705433699 1.14056022524 -0.740799612912 -2.06934626362 -2.47079665845 -2.33697867369
# log_selcoffs_fsh[4]:
 -6.77300916595 -4.80345998745 -3.41958811968 -2.21294403889 -1.03074047436 0.0139645840089 0.826387569514 1.23635806214 0.559412685398
 -6.48425677546 -4.17679217782 -1.82175693891 -0.739193127811 -0.590307401624 -0.201556383373 0.199850770414 0.657257716189 1.34065765457
# log_sel_spl_fsh[1]:
 0.00000000000 0.00000000000 0.00000000000 0.00000000000
 0.00000000000 0.00000000000 0.00000000000 0.00000000000
# log_sel_spl_fsh[2]:
 0.00000000000 0.00000000000 0.00000000000 0.00000000000
 0.00000000000 0.00000000000 0.00000000000 0.00000000000
 0.00000000000 0.00000000000 0.00000000000 0.00000000000
 0.00000000000 0.00000000000 0.00000000000 0.00000000000
# log_sel_spl_fsh[3]:
 0.00000000000 0.00000000000 0.00000000000 0.00000000000
 0.00000000000 0.00000000000 0.00000000000 0.00000000000
# log_sel_spl_fsh[4]:
 0.00000000000 0.00000000000 0.00000000000 0.00000000000
 0.00000000000 0.00000000000 0.00000000000 0.00000000000
# logsel_slope_fsh[1]:
 0.00000000000 0.00000000000
# logsel_slope_fsh[2]:
 0.00000000000 0.00000000000 0.00000000000 0.00000000000
# logsel_slope_fsh[3]:
 0.00000000000 0.00000000000
# logsel_slope_fsh[4]:
 0.00000000000 0.00000000000
# sel50_fsh[1]:
 0.00000000000 0.00000000000
# sel50_fsh[2]:
 0.00000000000 0.00000000000 0.00000000000 0.00000000000
# sel50_fsh[3]:
 0.00000000000 0.00000000000
# sel50_fsh[4]:
 0.00000000000 0.00000000000
# logsel_dslope_fsh[1]:
 0.00000000000 0.00000000000
# logsel_dslope_fsh[2]:
 0.00000000000 0.00000000000 0.00000000000 0.00000000000
# logsel_dslope_fsh[3]:
 0.00000000000 0.00000000000
# logsel_dslope_fsh[4]:
 0.00000000000 0.00000000000
# seld50_fsh[1]:
 9.00000000000 9.00000000000
# seld50_fsh[2]:
 9.00000000000 9.00000000000 9.00000000000 9.00000000000
# seld50_fsh[3]:
 9.00000000000 9.00000000000
# seld50_fsh[4]:
 9.00000000000 9.00000000000
# rec_dev_future:
 0.00000000000 0.00000000000 0.00000000000 0.00000000000 0.00000000000 0.00000000000 0.00000000000 0.00000000000 0.00000000000 0.00000000000
# log_q_ind[1]:
-0.903655251515
# log_q_ind[2]:
-4.10336407087
# log_q_ind[3]:
-10.4183468509
# log_q_ind[4]:
-0.806759550713
# log_q_ind[5]:
-2.81186578347
# log_q_ind[6]:
-4.34755418494
# log_q_ind[7]:
-8.19193102687
# log_q_ind[8]:
-8.24876994797
# log_q_ind[9]:
-4.80065279444
# log_q_power_ind[1]:
0.00000000000
# log_q_power_ind[2]:
0.00000000000
# log_q_power_ind[3]:
0.00000000000
# log_q_power_ind[4]:
0.00000000000
# log_q_power_ind[5]:
0.00000000000
# log_q_power_ind[6]:
0.00000000000
# log_q_power_ind[7]:
0.00000000000
# log_q_power_ind[8]:
0.00000000000
# log_q_power_ind[9]:
0.00000000000
# log_selcoffs_ind[1]:
 -4.34999291002 -2.53261259418 -0.805750879981 0.207530607016 0.387422463546 0.334651128124 0.200368168897 0.188410139432 0.308892233590 0.450136314953
 -4.38369961956 -3.38199327556 -2.41585642884 -1.49316030043 -0.630598950038 0.0719012529600 0.442478363081 0.618591777746 0.760379615967 0.908583673536
# log_selcoffs_ind[2]:
 -1.08743876710 0.116533803896 0.116533803896 0.116533803896 0.116533803896 0.116533803896 0.116533803896 0.116533803896 0.116533803896 0.116533803896
# log_selcoffs_ind[3]:
 -0.106609722418 0.116533803896 0.116533803896 0.116533803896 0.116533803896 0.116533803896 0.116533803896 0.116533803896 0.116533803896 0.116533803896
# log_selcoffs_ind[4]:
 -2.35709020688 -1.45416871396 -0.671320302115 -0.153214846946 0.0871645059910 0.220843034311 0.312757995393 0.385025292758 0.433650375061 0.460462070833
 -2.93638574842 -2.11988268391 -1.31542176977 -0.611568226017 -0.0911574844010 0.259721935200 0.460648415279 0.559289793372 0.563431541026 0.539629837224
# log_selcoffs_ind[5]:
 -3.10233962097 -0.727436133840 0.0439631185884 0.116533803896 0.116533803896 0.116533803896 0.116533803896 0.116533803896 0.116533803896 0.116533803896
# log_selcoffs_ind[6]:
 -3.10233962097 -0.727436133840 0.0439631185884 0.116533803896 0.116533803896 0.116533803896 0.116533803896 0.116533803896 0.116533803896 0.116533803896
# log_selcoffs_ind[7]:
 -3.10233962097 -0.727436133840 0.0439631185884 0.116533803896 0.116533803896 0.116533803896 0.116533803896 0.116533803896 0.116533803896 0.116533803896
# log_selcoffs_ind[8]:
 -3.10233962097 -0.727436133840 0.0439631185884 0.116533803896 0.116533803896 0.116533803896 0.116533803896 0.116533803896 0.116533803896 0.116533803896
# log_selcoffs_ind[9]:
 -3.10233962097 -0.727436133840 0.0439631185884 0.116533803896 0.116533803896 0.116533803896 0.116533803896 0.116533803896 0.116533803896 0.116533803896
# logsel_slope_ind[1]:
 0.00000000000 0.00000000000
# logsel_slope_ind[2]:
 0.00000000000
# logsel_slope_ind[3]:
 0.00000000000
# logsel_slope_ind[4]:
 0.00000000000 0.00000000000
# logsel_slope_ind[5]:
 0.00000000000
# logsel_slope_ind[6]:
 0.00000000000
# logsel_slope_ind[7]:
 0.00000000000
# logsel_slope_ind[8]:
 0.00000000000
# logsel_slope_ind[9]:
 0.00000000000
# sel50_ind[1]:
 0.00000000000 0.00000000000
# sel50_ind[2]:
 0.00000000000
# sel50_ind[3]:
 0.00000000000
# sel50_ind[4]:
 0.00000000000 0.00000000000
# sel50_ind[5]:
 0.00000000000
# sel50_ind[6]:
 0.00000000000
# sel50_ind[7]:
 0.00000000000
# sel50_ind[8]:
 0.00000000000
# sel50_ind[9]:
 0.00000000000
# logsel_dslope_ind[1]:
 0.00000000000 0.00000000000
# logsel_dslope_ind[2]:
 0.00000000000
# logsel_dslope_ind[3]:
 0.00000000000
# logsel_dslope_ind[4]:
 0.00000000000 0.00000000000
# logsel_dslope_ind[5]:
 0.00000000000
# logsel_dslope_ind[6]:
 0.00000000000
# logsel_dslope_ind[7]:
 0.00000000000
# logsel_dslope_ind[8]:
 0.00000000000
# logsel_dslope_ind[9]:
 0.00000000000
# seld50_ind[1]:
 9.00000000000 9.00000000000
# seld50_ind[2]:
 9.00000000000
# seld50_ind[3]:
 9.00000000000
# seld50_ind[4]:
 9.00000000000 9.00000000000
# repl_F:
0.297473291965
