# 4 fisheries 9 Indices  
# 
1970 # First year  
2012 # Last year  
2 # First age (changed to 1 yrs old!)  
12 # Last age  
10 # First length  
50 # Last length 41  
1 # bin  
41 # numbers of length intervals  
# Number of fisheries  
4 
# Names of fisheries  
N_Chile%SC_Chile_PS%FarNorth%Offshore_Trawl 
# Catch biomass by fishery  
# 1971 1972 1973 1974 1975 1976 1977 1978 1979 1980 1981 1982 1983 1984 1985 1986 1987 1988 1989 1990 1991 1992 1993 1994 1995 1996 1997 1998 1999 2000 2001 2002 2003 2004 2005 2006 2007 2008 2009 2010 2011 2012
175.208	164.838	62.634	71.762	163.396	186.89	237.876	225.907	367.762	311.682	266.697	435.061	756.484	259.128	663.695	471.599	42.536	280.594	278.701	265.861	258.233	282.817	285.387	359.947	197.414	211.594	264.631	88.276	19.278	44.582	107.769	244.019	108.727	142.016	158.656	168.383	155.256	172.701	167.258	134.022	169.01	23.945	12
7.938	21.934	7.1	8.904	12.678	34.951	65.57	75.585	150.319	203.269	215.528	440.935	643.821	541.696	677.91	923.042	1103.2	1416.781	1703.037	2031.058	2150.956	2649.828	2796.812	2745.099	3596.904	3984.244	3017.165	2541.981	1546.704	1130.488	1135.082	1216.754	1357.185	1272.302	1292.943	1262.051	1224.685	1130.083	728.85	700.905	295.681	194.532	208.403
4.711	9.189	18.782	42.781	129.211	37.899	54.154	504.992	386.793	333.81	414.299	445.639	143.724	110.69	200.674	114.622	51.029	46.304	244.228	316.247	370.823	213.447	111.682	133.354	233.346	550.993	495.518	680.053	412.846	203.751	303.701	857.744	154.823	217.734	187.369	80.663	277.568	255.353	169.537	76.629	22.172	326.394	168.883
0	0	5.5	0	0	0	0.035	2.273	51.29	369.11	338.022	438.122	726.068	854.357	979.798	799.323	837.502	863.423	863.216	875.821	872.059	543.659	35.196	0	0	0	0	0	0	0.007	2.318	20.09	76.261	158.199	295.443	243.568	362.627	438.819	405.477	371.918	239.845	60.946	28.031
# Catch biomass uncertainty (CV)  
0.05 0.05 0.05 0.05 0.05 0.05 0.05 0.05 0.05 0.05 0.05 0.05 0.05 0.05 0.05 0.05 0.05 0.05 0.05 0.05 0.05 0.05 0.05 0.05 0.05 0.05 0.05 0.05 0.05 0.05 0.05 0.05 0.05 0.05 0.05 0.05 0.05 0.05 0.05 0.05 0.05 0.05 0.05
0.05 0.05 0.05 0.05 0.05 0.05 0.05 0.05 0.05 0.05 0.05 0.05 0.05 0.05 0.05 0.05 0.05 0.05 0.05 0.05 0.05 0.05 0.05 0.05 0.05 0.05 0.05 0.05 0.05 0.05 0.05 0.05 0.05 0.05 0.05 0.05 0.05 0.05 0.05 0.05 0.05 0.05 0.05
0.05 0.05 0.05 0.05 0.05 0.05 0.05 0.05 0.05 0.05 0.05 0.05 0.05 0.05 0.05 0.05 0.05 0.05 0.05 0.05 0.05 0.05 0.05 0.05 0.05 0.05 0.05 0.05 0.05 0.05 0.05 0.05 0.05 0.05 0.05 0.05 0.05 0.05 0.05 0.05 0.05 0.05 0.05
0.05 0.05 0.05 0.05 0.05 0.05 0.05 0.05 0.05 0.05 0.05 0.05 0.05 0.05 0.05 0.05 0.05 0.05 0.05 0.05 0.05 0.05 0.05 0.05 0.05 0.05 0.05 0.05 0.05 0.05 0.05 0.05 0.05 0.05 0.05 0.05 0.05 0.05 0.05 0.05 0.05 0.05 0.05
# Number Years With Fishery age  
38 
38 
30 
24 
# Number Years With Fishery length  
0 
0 
0 
0 
# Fishery Years of age composition data  
1975 1976 1977 1978 1979 1980 1981 1982 1983 1984 1985 1986 1987 1988 1989 1990 1991 1992 1993 1994 1995 1996 1997 1998 1999 2000 2001 2002 2003 2004 2005 2006 2007 2008 2009 2010 2011 2012 
1975 1976 1977 1978 1979 1980 1981 1982 1983 1984 1985 1986 1987 1988 1989 1990 1991 1992 1993 1994 1995 1996 1997 1998 1999 2000 2001 2002 2003 2004 2005 2006 2007 2008 2009 2010 2011 2012 
1980 1981 1982 1983 1984 1985 1986 1987 1988 1989 1990 1991 1992 1993 1994 1995 1996 1997 1998 1999 2000 2001 2002 2003 2004 2005 2006 2007 2008 2009 
1979 1980 1981 1982 1983 1984 1985 1986 1987 1988 1989 1990 1991 2000 2001 2002 2003 2006 2007 2008 2009 2010 2011 2012
# Fishery Years of length composition data  
# # # # # # # # # # # # # # # # # # # # # # # # # # # # # # # # # # # 
# # # # # # # # # # # # # # # # # # # # # # # # # # # # # # # # # # # 
# # # # # # # # # # # # # # # # 
# Fishery age composition sample size  
20 20 20 20 20 20 20 20 20 20 20 20 20 20 20 20 20 20 20 20 20 20 20 20 20 20 20 20 20 20 20 20 20 20 20 20 20 20 
50 50 50 50 50 50 50 50 50 50 50 50 50 50 50 50 50 50 50 50 50 50 50 50 50 50 50 50 50 50 50 50 50 50 50 50 50 50 
30 30 30 30 30 30 30 30 30 30 30 30 30 30 30 30 30 30 30 30 30 30 30 30 30 30 30 30 30 30 
50 50 50 50 50 50 50 50 50 50 50 50 50 30 30 30 30 30 30 30 30 30 30  30
# Fishery length composition sample size  
# # # # # # # # # # # # # # # # # # # # # # # # # # # # # # # # # # # 
# # # # # # # # # # # # # # # # # # # # # # # # # # # # # # # # # # # 
# # # # # # # # # # # # # # # # # # # # # # # # # # # # # # # # # # # 
# # # # # # # # # # # # # # # # 
# Fishery 1 age composition Northern Chilean  
 4073 13776 44143 60659 166146 171002 81053 29641 8253 4552 1070 
 27 1676 10342 62211 190616 229530 109553 17356 4612 104 0 
 12767 20036 48155 149760 239459 184136 68069 10018 155 0 0 
 5910 92821 171908 149947 99992 274829 227407 75025 11649 99 0 
 0 40320 104406 202313 247236 261704 212251 72124 7503 87 0 
 5663 19209 39611 120365 158767 188736 133955 25201 792 0 0 
 0 17592 107026 226852 272757 332572 167387 32014 4135 31 0 
 1674 29021 332623 362536 484944 639872 367034 127157 21795 225 0 
 102 1966 49812 151839 222327 205704 103468 21178 556 27 0 
 4148 232259 599923 284517 284809 377052 318705 67881 4009 0 0 
 886 53397 255301 400091 427340 252577 73876 12239 1256 0 0 
 15143 14153 8069 9791 17324 26790 15727 6358 1078 0 0 
 69685 612169 638980 149771 36285 27361 8978 428 431 16 0 
 3652 130324 489772 452240 105585 5445 647 14 0 0 0 
 7901 4867 43820 326596 271953 55735 9161 2786 295 47 0 
 77422 5668 27866 236685 412335 84292 8079 388 94 3 0 
 17154 218253 217953 121225 180648 259236 64615 5402 5551 1113 542 
 30253 252037 142917 268721 274311 149879 60020 8877 790 39 0 
 66476 1485903 597010 115335 99352 19235 7088 2161 730 123 77 
 139526 339253 101904 266129 131505 23152 3211 1618 68 0 0 
 170501 345192 296965 146207 84328 17213 801 82 0 0 0 
 269877 533140 572880 155446 30636 7068 63 68 0 0 0 
 26244 307207 204870 23575 694 72 0 0 0 0 0 
 3406 89297 37875 18933 5847 285 1 0 0 0 0 
 24289 319634 75711 15598 5394 392 7 0 0 0 0 
 235887 136283 236690 110317 15424 39 0 0 0 0 0 
 256795 1326138 491732 25070 1848 0 0 0 0 0 0 
 98920 391463 176981 92150 18789 4497 276 26 0 0 0 
 158188 604518 242543 53916 21616 9440 1894 295 0 0 0 
 17164 103070 464915 191312 7389 275 0 0 0 0 0 
 324087 476065 193396 151443 43843 5150 0 0 0 0 0 
 38392 390068 607711 68098 25256 8161 1256 49 0 0 0 
 93552 346671 475258 113550 27460 17712 7169 1191 165 165 66 
 712726 359139 117862 138886 110359 12931 844 191 41 0 0 
 58921 250894 432581 34649 70639 3089 78 0 0 0 0 
 524298 57658 360130 140820 36448 9825 1044 506 146 0 0 
 199846 94185 11650 3387 5921 383 0 0 0 0 0 
 6700598 8465934 34863481 4648381 106332 0 0 0 0 0 0 
# Fishery 2 Central-Southern Chile  
 0 355 633 2259 7108 11305 10032 5551 1867 999 190 
 1272 364 353 1550 17545 45885 38920 18306 2707 37 0 
 223 462 5493 19717 34341 61594 47567 7128 684 70 4 
 595 4226 20574 70250 115605 96857 45404 12171 1330 0 0 
 20 13439 147552 206176 210012 208192 180490 120831 48163 4206 904 
 3996 8314 128820 322829 356395 311998 166713 78325 17706 686 995 
 2419 8973 83655 392031 696981 627159 326988 99193 23220 3581 800 
 4221 8889 118067 618244 826235 877968 626789 224844 57471 10391 13914 
 98937 191076 314984 749070 1084641 1113032 548218 207964 30697 3760 1259 
 7977 190091 357918 447250 985396 1175198 851961 292315 38931 7977 394 
 889 39763 372792 621888 1131123 1405139 725890 182303 21926 2839 2111 
 32892 50408 254334 720436 1125301 1563727 833125 141461 12640 1048 651 
 240224 509673 459902 311739 907439 1929691 1290613 257500 39754 3890 922 
 23756 228313 1415721 1662909 665913 1203766 1215469 405628 50539 6623 114 
 5570 34610 283575 1634407 2293278 1376907 1070507 406813 64106 1490 0 
 5228 1826 31608 506751 1598666 2003162 1148443 668436 128313 8666 130 
 30081 134146 122717 56100 419889 1682863 1831750 982207 504943 158725 46297 
 0 71389 186534 321697 367160 405356 1258212 1072392 952609 406683 151907 
 11391 231606 759545 940331 854977 790767 758606 893719 721295 259075 41588 
 21702 87328 808441 1200387 1266242 802876 692317 1102792 853702 284938 26970 
 9375 365691 1727987 1350915 2318999 1687597 807698 562790 385464 170813 31602 
 48674 835128 1041899 1421658 1327055 1172716 792734 374612 171145 70209 20378 
 191472 1428562 2627586 1898630 906334 488229 377039 302621 132121 75881 42083 
 242671 1516538 1864189 763106 345371 165969 178113 173183 79161 32019 13170 
 190107 1825090 1676166 718361 267024 76733 34947 59069 54516 34827 28903 
 46357 597816 1633359 1015296 412689 115221 42928 47268 58944 37371 31373 
 32966 361663 970229 1270037 594890 184069 82580 61986 57150 47079 76019 
 44875 395001 846794 853666 522140 191428 97160 80106 76745 63094 99435 
 16651 232038 908724 1101223 740572 303108 100321 77824 61641 37835 38325 
 1617 128611 449306 920244 917951 422033 156434 98973 58716 27757 30207 
 15576 14953 145195 460828 1047649 518471 208577 141084 66743 28283 32878 
 4986 11959 82227 150385 390459 490794 255963 191215 127571 67970 60057 
 260 26043 250100 293211 206428 282545 280026 242885 165923 92414 86474 
 23768 1806 6768 74663 237017 215953 168781 124776 104046 55045 100625 
 1581 43860 108580 22418 222409 250865 193736 120657 77999 55350 47561 
 1799 24389 176203 122711 59484 63728 38970 55112 40186 12155 13967 
 29 3626 55109 45036 121204 33101 20726 45281 16068 3724 4334 
 0 0 29768908 141656785 167486935 76511035 29519530 20689668 2869885 609514 1140505 
# Fishery 3 
0.037609134	0.038952317	0.158495635	0.497649429	0.209536602	0.037609134	0.017461383	0.002686367	0	0	0																														
0	0.017391304	0.32173913	0.366459627	0.201242236	0.067080745	0.02484472	0.001242236	0	0	0																														
0.260586319	0.003257329	0.09771987	0.475570033	0.123778502	0.039087948	0	0	0	0	0																														
0	0.028235294	0.143529412	0.6	0.178823529	0.032941176	0.014117647	0.002352941	0	0	0																														
0.001344364	0.078309204	0.306592554	0.400594623	0.152145812	0.030842813	0.014968976	0.011918304	0.001861427	0.000698035	0.000723888																														
0.005100956	0.020935175	0.136238045	0.278214665	0.265462274	0.135175345	0.068650372	0.047768332	0.02098831	0.012274176	0.009192349																														
0.012971623	0.026359618	0.011178016	0.211325348	0.43286785	0.135353277	0.068413298	0.043430914	0.01992185	0.015886234	0.022291974																														
0.034868704	0.209458213	0.408584958	0.137322428	0.127790419	0.047106574	0.018941025	0.003443823	0.002275383	0.00485825	0.005350224																														
0.010046158	0.22469141	0.300674617	0.128511456	0.101881827	0.073560434	0.075941436	0.055264312	0.013387915	0.00722655	0.008813885																														
0.002669514	0.067271757	0.132074212	0.380238922	0.308996263	0.048251468	0.024426054	0.020855579	0.010077416	0.003336893	0.001801922																														
0.002146211	0.012474849	0.069564051	0.266210597	0.420603622	0.134701543	0.052716298	0.014030852	0.002387659	0.003192488	0.021971831																														
0.016001571	0.065626074	0.109949443	0.317479016	0.408629068	0.071614392	0.006920925	0.000834438	0.000392677	0.000589015	0.001963383																														
0.017640515	0.037400011	0.107061503	0.38072787	0.256290724	0.09259946	0.03798273	0.014091222	0.009058643	0.007787254	0.039360068																														
0.075848876	0.38986131	0.234433286	0.203252033	0.076709708	0.013390722	0.006121473	0.000286944	9.5648E-05	0	0																														
0.01157714	0.072994849	0.268825117	0.43870493	0.102869757	0.027274957	0.014912926	0.007799853	0.004807456	0.00328673	0.046946284																														
0.019143407	0.151408648	0.33102765	0.363388234	0.077826176	0.023256249	0.011796377	0.00667402	0.001981642	0.001589052	0.011908545																														
0.085613515	0.306346931	0.299244681	0.221055514	0.075419129	0.00967903	0.002109739	0.000450936	3.22097E-05	3.22097E-05	1.61049E-05																														
0.007366523	0.228597988	0.271894677	0.430381771	0.048948194	0.009753613	0.002556403	0.000378226	6.94327E-05	2.95557E-05	2.36176E-05																														
0.119445768	0.604085072	0.170115993	0.067570115	0.023453303	0.008020513	0.004525208	0.001948302	0.000452172	0.000167241	0.000216315																														
0.070678266	0.389569293	0.41922135	0.079759762	0.026622654	0.007349961	0.004042478	0.001653741	0.000367498	0.000367498	0.000367498																														
0.245958763	0.312780261	0.395186962	0.045173045	0.000616994	0.000283976	0	0	0	0	0																														
0.067470036	0.300385791	0.588016645	0.044019159	0.000108368	0	0	0	0	0	0																														
0.016619509	0.031481757	0.478421445	0.433119881	0.039672375	0.000685034	0	0	0	0	0																														
0.094449854	0.329070966	0.305601695	0.158786299	0.107609256	0.004338736	0.000143193	0	0	0	0																														
0.002090825	0.00359622	0.199158094	0.46190516	0.278191297	0.049008949	0.005714923	0.000334532	0	0	0																														
0.365699451	0.22032408	0.027592848	0.005652556	0.077335343	0.241552569	0.054976343	0.006824938	4.18708E-05	0	0																														
0.114013779	0.391628046	0.310544948	0.164110366	0.017974249	0.001235315	0.000136797	0.000257012	8.29071E-05	1.24361E-05	4.14535E-06																														
0.007923805	0.270566235	0.191534207	0.414874566	0.110140885	0.004754283	0.000190171	1.58476E-05	0	0	0																														
0.00264497	0.025098468	0.330017537	0.541385159	0.075496651	0.023660984	0.001552483	0.000143748	0	0	0																														
0.090956704	0.089210894	0.021473464	0.020076816	0.384252793	0.372032123	0.021997207	0	0	0	0																														
# Fishery 4 Offshore trawl  
 0 49 1905 20679 69124 132249 157481 97437 40291 3780 904 
 3842 4615 38803 114107 173964 187248 122439 64819 17129 686 995 
 239 2919 18545 99141 229509 297020 208303 75791 19940 3221 800 
 2756 1078 9883 108378 299527 472354 395188 169863 45982 10106 13829 
 55448 99493 73750 253656 586485 753756 461208 181606 28049 3760 1259 
 2428 53471 168678 238212 433429 594472 526601 208110 26780 7176 394 
 539 20116 194707 339644 508644 556157 284185 96589 16896 2661 1840 
 27483 33424 143556 392093 486785 515762 300147 62152 6636 748 651 
 93104 107476 73668 162818 504537 709648 379588 79536 18316 2974 878 
 12902 89058 315639 346045 354066 517995 374576 129093 23035 5183 114 
 265 12357 100209 462408 557035 434806 304694 167223 35858 1293 0 
 536 316 10917 176551 590038 501485 265987 179336 56477 5452 130 
 3175 4982 9073 21237 176787 431464 247646 104900 57856 22617 9811 
 137881 942618 1441303 899838 596871 366956 293198 252406 212107 124963 0 
 934657 9037192 17997686 17908922 8531161 2716624 1449259 1080466 634021 270044 0 
 5531716 67349731 140982758 70957813 30605657 9201408 4008110 2741518 1270299 355388 0 
 6341275 85745637 224217697 114492265 31203519 3066560 284648 12549 0 0 0 
 0 16612 4415462 52466764 147301785 115905775 38040648 20259323 11303820 4769559 0 
 0 78923 3543660 33450334 108484144 111754594 80023232 71533710 47261396 29658723 0 
 26553 107275 148191 4403828 44644663 117513820 100660545 62122541 40957740 22518714 0 
 1333996 1946600 2280073 746645 6406989 52406193 124204486 89674456 48539818 31530284 0 
 3782200 76966142 37427807 1275573 1121486 12670939 26986174 49866868 39441453 13471705 0 
 858 196980 1526682 1355508 2714187 1758017 1648247 3940873 2319730 903688 0 
	0	0	0	0	40	598	1601	18477	10000	3052	2932
# Fishery 1 LENGTH  
# Fishery 2 LENGTH  
# Fishery 3 LENGTH (PERU +ECUADOR)  
# Fishery 4 LENGTH  
# Fishery 1 wt-age # mean(Wt_1) 0.052  
 0.093 0.131 0.178 0.262 0.294 0.34 0.396 0.549 0.738 0.984 1.093 # it was used for those years w/o weigth-at-age 
 0.093 0.131 0.178 0.262 0.294 0.34 0.396 0.549 0.738 0.984 1.093 # 
 0.093 0.131 0.178 0.262 0.294 0.34 0.396 0.549 0.738 0.984 1.093 # 
 0.093 0.131 0.178 0.262 0.294 0.34 0.396 0.549 0.738 0.984 1.093 # 
 0.093 0.131 0.178 0.262 0.294 0.34 0.396 0.549 0.738 0.984 1.093 # 
 0.093 0.131 0.178 0.262 0.294 0.34 0.396 0.549 0.738 0.984 1.093 # 
 0.078 0.155 0.214 0.275 0.336 0.394 0.472 0.632 0.714 0.898 1.538 # 
 0.092 0.109 0.236 0.275 0.314 0.375 0.456 0.521 0.732 0.651 1.137 # 
 0.084 0.104 0.147 0.211 0.327 0.394 0.449 0.514 0.583 0.631 1.538 # 
 0.108 0.16 0.199 0.241 0.301 0.388 0.466 0.588 0.871 1.265 1.972 # 
 0.06 0.132 0.231 0.272 0.35 0.447 0.519 0.716 0.82 1.073 1.854 # 
 0.095 0.149 0.242 0.294 0.34 0.407 0.503 0.637 0.765 1.184 1.9 # 
 0.085 0.166 0.207 0.269 0.323 0.378 0.472 0.536 0.644 0.987 1.185 # 
 0.099 0.122 0.23 0.273 0.32 0.374 0.461 0.596 0.709 1.196 1.769 # 
 0.135 0.154 0.185 0.266 0.33 0.383 0.449 0.577 0.685 1.012 1.846 # 
 0.148 0.181 0.223 0.27 0.339 0.398 0.473 0.573 0.796 1.376 1.647 # 
 0.075 0.172 0.247 0.286 0.346 0.427 0.518 0.64 0.844 1.351 2.11 # 
 0.117 0.14 0.191 0.27 0.357 0.434 0.503 0.577 0.689 1.089 1.979 # 
 0.124 0.159 0.197 0.233 0.342 0.444 0.512 0.588 0.75 1.012 1.372 # 
 0.103 0.22 0.241 0.278 0.339 0.467 0.585 0.702 0.779 0.88 1.538 # 
 0.091 0.153 0.264 0.309 0.373 0.461 0.582 0.694 0.835 0.97 1.598 # 
 0.106 0.132 0.186 0.271 0.381 0.451 0.542 0.667 0.787 0.901 1.053 # 
 0.083 0.118 0.177 0.239 0.275 0.409 0.524 0.594 0.709 0.851 1.046 # 
 0.089 0.121 0.181 0.246 0.32 0.408 0.579 0.719 0.853 0.965 1.174 # 
 0.084 0.112 0.224 0.27 0.336 0.462 0.643 0.808 0.868 1.058 1.421 # 
 0.098 0.145 0.192 0.27 0.34 0.429 0.577 0.807 0.965 1.115 1.367 # 
 0.092 0.151 0.191 0.28 0.352 0.524 0.683 0.945 1.216 1.426 1.477 # 
 0.106 0.146 0.201 0.26 0.355 0.495 0.683 0.884 1.088 1.467 1.647 # 
 0.128 0.138 0.178 0.248 0.34 0.545 0.806 1.035 1.246 1.412 1.655 # 
 0.109 0.134 0.174 0.25 0.331 0.465 0.742 1.021 1.258 1.376 1.776 # 
 0.064 0.163 0.196 0.255 0.346 0.466 0.756 0.999 1.141 1.228 1.563 # 
 0.098 0.122 0.179 0.258 0.325 0.461 0.614 0.828 1.074 1.36 1.671 # 
 0.074 0.13 0.2 0.257 0.329 0.445 0.645 0.883 1.102 1.321 1.649 # 
 0.086 0.117 0.186 0.245 0.307 0.4 0.564 0.768 1.005 1.209 1.537 # 
 0.08 0.158 0.193 0.247 0.307 0.387 0.528 0.7 0.897 1.087 1.541 
 0.075 0.113 0.196 0.259 0.318 0.399 0.517 0.641 0.767 0.918 1.296 # 
 0.076 0.116 0.141 0.261 0.35 0.419 0.516 0.631 0.752 0.924 1.263 # 
 0.074 0.121 0.172 0.226 0.331 0.431 0.51 0.621 0.756 0.903 1.177 # 
 0.0483 0.0688 0.1858 0.2538 0.3124 0.4156 0.5152 0.6053 0.7192 0.8613 1.148 # 
 0.0453 0.109 0.1423 0.253 0.3299 0.4112 0.5316 0.625 0.7643 0.886 1.144 # 
 0.0521 0.1013 0.1747 0.2365 0.3133 0.4149 0.5386 0.6488 0.7873 0.9635 1.473 # 
 0.0667 0.1006 0.1901 0.2872 0.3532 0.4664 0.613 0.7735 0.9226 1.1733 1.514 # 
 0.014 0.0815 0.2018 0.2635 0.3528 0.4758 0.5579 0.7105 0.9117 1.1462 1.6 
# Fishery 2wt-age  
 0.093 0.131 0.178 0.262 0.294 0.34 0.396 0.549 0.738 0.984 1.093 
 0.093 0.131 0.178 0.262 0.294 0.34 0.396 0.549 0.738 0.984 1.093 
 0.093 0.131 0.178 0.262 0.294 0.34 0.396 0.549 0.738 0.984 1.093 
 0.093 0.131 0.178 0.262 0.294 0.34 0.396 0.549 0.738 0.984 1.093 
 0.093 0.131 0.178 0.262 0.294 0.34 0.396 0.549 0.738 0.984 1.093 
 0.093 0.131 0.178 0.262 0.294 0.34 0.396 0.549 0.738 0.984 1.093 
 0.078 0.155 0.214 0.275 0.336 0.394 0.472 0.632 0.714 0.898 1.538 
 0.092 0.109 0.236 0.275 0.314 0.375 0.456 0.521 0.732 0.651 1.137 
 0.084 0.104 0.147 0.211 0.327 0.394 0.449 0.514 0.583 0.631 1.538 
 0.108 0.16 0.199 0.241 0.301 0.388 0.466 0.588 0.871 1.265 1.972 
 0.06 0.132 0.231 0.272 0.35 0.447 0.519 0.716 0.82 1.073 1.854 
 0.095 0.149 0.242 0.294 0.34 0.407 0.503 0.637 0.765 1.184 1.9 
 0.085 0.166 0.207 0.269 0.323 0.378 0.472 0.536 0.644 0.987 1.185 
 0.099 0.122 0.23 0.273 0.32 0.374 0.461 0.596 0.709 1.196 1.769 
 0.135 0.154 0.185 0.266 0.33 0.383 0.449 0.577 0.685 1.012 1.846 
 0.148 0.181 0.223 0.27 0.339 0.398 0.473 0.573 0.796 1.376 1.647 
 0.075 0.172 0.247 0.286 0.346 0.427 0.518 0.64 0.844 1.351 2.11 
 0.117 0.14 0.191 0.27 0.357 0.434 0.503 0.577 0.689 1.089 1.979 
 0.124 0.159 0.197 0.233 0.342 0.444 0.512 0.588 0.75 1.012 1.372 
 0.103 0.22 0.241 0.278 0.339 0.467 0.585 0.702 0.779 0.88 1.538 
 0.091 0.153 0.264 0.309 0.373 0.461 0.582 0.694 0.835 0.97 1.598 
 0.106 0.132 0.186 0.271 0.381 0.451 0.542 0.667 0.787 0.901 1.053 
 0.083 0.118 0.177 0.239 0.275 0.409 0.524 0.594 0.709 0.851 1.046 
 0.089 0.121 0.181 0.246 0.32 0.408 0.579 0.719 0.853 0.965 1.174 
 0.084 0.112 0.224 0.27 0.336 0.462 0.643 0.808 0.868 1.058 1.421 
 0.098 0.145 0.192 0.27 0.34 0.429 0.577 0.807 0.965 1.115 1.367 
 0.092 0.151 0.191 0.28 0.352 0.524 0.683 0.945 1.216 1.426 1.477 
 0.106 0.146 0.201 0.26 0.355 0.495 0.683 0.884 1.088 1.467 1.647 
 0.128 0.138 0.178 0.248 0.34 0.545 0.806 1.035 1.246 1.412 1.655 
 0.109 0.134 0.174 0.25 0.331 0.465 0.742 1.021 1.258 1.376 1.776 
 0.064 0.163 0.196 0.255 0.346 0.466 0.756 0.999 1.141 1.228 1.563 
 0.098 0.122 0.179 0.258 0.325 0.461 0.614 0.828 1.074 1.36 1.671 
 0.074 0.13 0.2 0.257 0.329 0.445 0.645 0.883 1.102 1.321 1.649 
 0.086 0.117 0.186 0.245 0.307 0.4 0.564 0.768 1.005 1.209 1.537 
 0.08 0.158 0.193 0.247 0.307 0.387 0.528 0.7 0.897 1.087 1.541 
 0.075 0.113 0.196 0.259 0.318 0.399 0.517 0.641 0.767 0.918 1.296 
 0.076 0.116 0.141 0.261 0.35 0.419 0.516 0.631 0.752 0.924 1.263 
 0.074 0.121 0.172 0.226 0.331 0.431 0.51 0.621 0.756 0.903 1.177 
 0.0483 0.0688 0.1858 0.2538 0.3124 0.4156 0.5152 0.6053 0.7192 0.8613 1.148 
 0.0453 0.109 0.1423 0.253 0.3299 0.4112 0.5316 0.625 0.7643 0.886 1.144 
 0.0521 0.1013 0.1747 0.2365 0.3133 0.4149 0.5386 0.6488 0.7873 0.9635 1.473 
 0.0667 0.1006 0.1901 0.2872 0.3532 0.4664 0.613 0.7735 0.9226 1.1733 1.514 
 0.014 0.0815 0.2018 0.2635 0.3528 0.4758 0.5579 0.7105 0.9117 1.1462 1.6 
# Fishery 3 wt-age  
 0.093 0.131 0.178 0.262 0.294 0.34 0.396 0.549 0.738 0.984 1.093 
 0.093 0.131 0.178 0.262 0.294 0.34 0.396 0.549 0.738 0.984 1.093 
 0.093 0.131 0.178 0.262 0.294 0.34 0.396 0.549 0.738 0.984 1.093 
 0.093 0.131 0.178 0.262 0.294 0.34 0.396 0.549 0.738 0.984 1.093 
 0.093 0.131 0.178 0.262 0.294 0.34 0.396 0.549 0.738 0.984 1.093 
 0.093 0.131 0.178 0.262 0.294 0.34 0.396 0.549 0.738 0.984 1.093 
 0.078 0.155 0.214 0.275 0.336 0.394 0.472 0.632 0.714 0.898 1.538 
 0.092 0.109 0.236 0.275 0.314 0.375 0.456 0.521 0.732 0.651 1.137 
 0.084 0.104 0.147 0.211 0.327 0.394 0.449 0.514 0.583 0.631 1.538 
 0.108 0.16 0.199 0.241 0.301 0.388 0.466 0.588 0.871 1.265 1.972 
 0.06 0.132 0.231 0.272 0.35 0.447 0.519 0.716 0.82 1.073 1.854 
 0.095 0.149 0.242 0.294 0.34 0.407 0.503 0.637 0.765 1.184 1.9 
 0.085 0.166 0.207 0.269 0.323 0.378 0.472 0.536 0.644 0.987 1.185 
 0.099 0.122 0.23 0.273 0.32 0.374 0.461 0.596 0.709 1.196 1.769 
 0.135 0.154 0.185 0.266 0.33 0.383 0.449 0.577 0.685 1.012 1.846 
 0.148 0.181 0.223 0.27 0.339 0.398 0.473 0.573 0.796 1.376 1.647 
 0.075 0.172 0.247 0.286 0.346 0.427 0.518 0.64 0.844 1.351 2.11 
 0.117 0.14 0.191 0.27 0.357 0.434 0.503 0.577 0.689 1.089 1.979 
 0.124 0.159 0.197 0.233 0.342 0.444 0.512 0.588 0.75 1.012 1.372 
 0.103 0.22 0.241 0.278 0.339 0.467 0.585 0.702 0.779 0.88 1.538 
 0.091 0.153 0.264 0.309 0.373 0.461 0.582 0.694 0.835 0.97 1.598 
 0.106 0.132 0.186 0.271 0.381 0.451 0.542 0.667 0.787 0.901 1.053 
 0.083 0.118 0.177 0.239 0.275 0.409 0.524 0.594 0.709 0.851 1.046 
 0.089 0.121 0.181 0.246 0.32 0.408 0.579 0.719 0.853 0.965 1.174 
 0.084 0.112 0.224 0.27 0.336 0.462 0.643 0.808 0.868 1.058 1.421 
 0.098 0.145 0.192 0.27 0.34 0.429 0.577 0.807 0.965 1.115 1.367 
 0.092 0.151 0.191 0.28 0.352 0.524 0.683 0.945 1.216 1.426 1.477 
 0.106 0.146 0.201 0.26 0.355 0.495 0.683 0.884 1.088 1.467 1.647 
 0.128 0.138 0.178 0.248 0.34 0.545 0.806 1.035 1.246 1.412 1.655 
 0.109 0.134 0.174 0.25 0.331 0.465 0.742 1.021 1.258 1.376 1.776 
 0.064 0.163 0.196 0.255 0.346 0.466 0.756 0.999 1.141 1.228 1.563 
 0.098 0.122 0.179 0.258 0.325 0.461 0.614 0.828 1.074 1.36 1.671 
 0.074 0.13 0.2 0.257 0.329 0.445 0.645 0.883 1.102 1.321 1.649 
 0.086 0.117 0.186 0.245 0.307 0.4 0.564 0.768 1.005 1.209 1.537 
 0.08 0.158 0.193 0.247 0.307 0.387 0.528 0.7 0.897 1.087 1.541 
 0.075 0.113 0.196 0.259 0.318 0.399 0.517 0.641 0.767 0.918 1.296 
 0.076 0.116 0.141 0.261 0.35 0.419 0.516 0.631 0.752 0.924 1.263 
 0.074 0.121 0.172 0.226 0.331 0.431 0.51 0.621 0.756 0.903 1.177 
 0.0483 0.0688 0.1858 0.2538 0.3124 0.4156 0.5152 0.6053 0.7192 0.8613 1.148 
 0.0453 0.109 0.1423 0.253 0.3299 0.4112 0.5316 0.625 0.7643 0.886 1.144 
 0.0521 0.1013 0.1747 0.2365 0.3133 0.4149 0.5386 0.6488 0.7873 0.9635 1.473 
 0.0667 0.1006 0.1901 0.2872 0.3532 0.4664 0.613 0.7735 0.9226 1.1733 1.514 
 0.014 0.0815 0.2018 0.2635 0.3528 0.4758 0.5579 0.7105 0.9117 1.1462 1.6 
# Fishery 4vwt-age  
 0.093 0.131 0.178 0.262 0.294 0.34 0.396 0.549 0.738 0.984 1.093 
 0.093 0.131 0.178 0.262 0.294 0.34 0.396 0.549 0.738 0.984 1.093 
 0.093 0.131 0.178 0.262 0.294 0.34 0.396 0.549 0.738 0.984 1.093 
 0.093 0.131 0.178 0.262 0.294 0.34 0.396 0.549 0.738 0.984 1.093 
 0.093 0.131 0.178 0.262 0.294 0.34 0.396 0.549 0.738 0.984 1.093 
 0.093 0.131 0.178 0.262 0.294 0.34 0.396 0.549 0.738 0.984 1.093 
 0.078 0.155 0.214 0.275 0.336 0.394 0.472 0.632 0.714 0.898 1.538 
 0.092 0.109 0.236 0.275 0.314 0.375 0.456 0.521 0.732 0.651 1.137 
 0.084 0.104 0.147 0.211 0.327 0.394 0.449 0.514 0.583 0.631 1.538 
 0.108 0.16 0.199 0.241 0.301 0.388 0.466 0.588 0.871 1.265 1.972 
 0.06 0.132 0.231 0.272 0.35 0.447 0.519 0.716 0.82 1.073 1.854 
 0.095 0.149 0.242 0.294 0.34 0.407 0.503 0.637 0.765 1.184 1.9 
 0.085 0.166 0.207 0.269 0.323 0.378 0.472 0.536 0.644 0.987 1.185 
 0.099 0.122 0.23 0.273 0.32 0.374 0.461 0.596 0.709 1.196 1.769 
 0.135 0.154 0.185 0.266 0.33 0.383 0.449 0.577 0.685 1.012 1.846 
 0.148 0.181 0.223 0.27 0.339 0.398 0.473 0.573 0.796 1.376 1.647 
 0.075 0.172 0.247 0.286 0.346 0.427 0.518 0.64 0.844 1.351 2.11 
 0.117 0.14 0.191 0.27 0.357 0.434 0.503 0.577 0.689 1.089 1.979 
 0.124 0.159 0.197 0.233 0.342 0.444 0.512 0.588 0.75 1.012 1.372 
 0.103 0.22 0.241 0.278 0.339 0.467 0.585 0.702 0.779 0.88 1.538 
 0.091 0.153 0.264 0.309 0.373 0.461 0.582 0.694 0.835 0.97 1.598 
 0.106 0.132 0.186 0.271 0.381 0.451 0.542 0.667 0.787 0.901 1.053 
 0.083 0.118 0.177 0.239 0.275 0.409 0.524 0.594 0.709 0.851 1.046 
 0.089 0.121 0.181 0.246 0.32 0.408 0.579 0.719 0.853 0.965 1.174 
 0.084 0.112 0.224 0.27 0.336 0.462 0.643 0.808 0.868 1.058 1.421 
 0.098 0.145 0.192 0.27 0.34 0.429 0.577 0.807 0.965 1.115 1.367 
 0.092 0.151 0.191 0.28 0.352 0.524 0.683 0.945 1.216 1.426 1.477 
 0.106 0.146 0.201 0.26 0.355 0.495 0.683 0.884 1.088 1.467 1.647 
 0.128 0.138 0.178 0.248 0.34 0.545 0.806 1.035 1.246 1.412 1.655 
 0.109 0.134 0.174 0.25 0.331 0.465 0.742 1.021 1.258 1.376 1.776 
 0.064 0.163 0.196 0.255 0.346 0.466 0.756 0.999 1.141 1.228 1.563 
 0.098 0.122 0.179 0.258 0.325 0.461 0.614 0.828 1.074 1.36 1.671 
 0.074 0.13 0.2 0.257 0.329 0.445 0.645 0.883 1.102 1.321 1.649 
 0.086 0.117 0.186 0.245 0.307 0.4 0.564 0.768 1.005 1.209 1.537 
 0.08 0.158 0.193 0.247 0.307 0.387 0.528 0.7 0.897 1.087 1.541 
 0.075 0.113 0.196 0.259 0.318 0.399 0.517 0.641 0.767 0.918 1.296 
 0.076 0.116 0.141 0.261 0.35 0.419 0.516 0.631 0.752 0.924 1.263 
 0.074 0.121 0.172 0.226 0.331 0.431 0.51 0.621 0.756 0.903 1.177 
 0.0483 0.0688 0.1858 0.2538 0.3124 0.4156 0.5152 0.6053 0.7192 0.8613 1.148 
 0.0453 0.109 0.1423 0.253 0.3299 0.4112 0.5316 0.625 0.7643 0.886 1.144 
 0.0521 0.1013 0.1747 0.2365 0.3133 0.4149 0.5386 0.6488 0.7873 0.9635 1.473 
 0.0667 0.1006 0.1901 0.2872 0.3532 0.4664 0.613 0.7735 0.9226 1.1733 1.514 
 0.014 0.0815 0.2018 0.2635 0.3528 0.4758 0.5579 0.7105 0.9117 1.1462 1.6 
# Number of Indices  
9 
# Names of indices  
Chile_AcousCS%Chile_AcousN%Chile_CPUE%DEPM%Peru_Acoustic%Peru_CPUE%Chinese_CPUE%EU_CPUE%USSR_CPUE 
# Nobs Indices  
13 
10 
30 
9 
29 
15 
11 
9 
8 
# Index years  
1997 1998 1999 2000 2001 2002 2003 2004 2005 2006 2007 2008 2009 
1984 1985 1986 1987 1988 1991 2006 2007 2008 2009  
1982 1983 1984 1985 1986 1987 1988 1989 1990 1991 1992 1993 1994 1995 1996 1997 1998 1999 2000 2001 2002 2003 2004 2005 2006 2007 2008 2009 2010 2011 
1999 2000 2001 2003 2004 2005 2006 2007 2008  
1983 1984 1985 1986 1987 1988 1989 1990 1991 1992 1993 1994 1995 1996 1997 1998 1999 2000 2001 2002 2003 2004 2005 2006 2007 2008 2009 2010 2011 
1996 1997 1998 1999 2000 2001 2002 2003 2004 2005 2006 2007 2008 2009 2011 
2001 2002 2003 2004 2005 2006 2007 2008 2009 2010 2011 
2003 2004 2005 2006 2007 2008 2009 2010 2011  
1987 1988 1989 1990 1991 2008 2009 2011  
# Month Indices  
6 
11 
6 
10.5 
1.5 
2 
6 
6 
6 
# Index biomasses  
3530 3200 4100 5600 5950 3700 2640 2640 4110 3192 3140 487 328 
99 324 123 213 134 242 112 275 259 18  
0.4502 0.4135 0.3649 0.2997 0.2587 0.3096 0.264 0.2696 0.2139 0.2631 0.2249 0.1948 0.2301 0.2065 0.2139 0.1868 0.1744 0.207 0.1958 0.252 0.2084 0.1832 0.1981 0.1807 0.1997 0.1513 0.1015 0.0847 0.0626 0.0361 
5724 4688 5627 1388 3287 1043 3283 626 1935  
8512.7 8511 7493.3 4329.9 6472 6065.8 4302.9 5971.7 5915.3 6099.3 8471.1 6414.6 5131.3 3080.7 3375.9 201 176.6 1350.8 1998.8 837.3 850.1 448.6 261.1 1512.4 442.7 207.1 70.1 1.2 362.8 
1.8 1.1 0.6 0.8 0.9 1.1 0.9 0.7 0.7 0.2 0.7 0.8 0.8 0.1 0.7 
1.39 1.93 1.71 1.4 1.4 0.99 1.11 0.81 0.77 0.55 0.32 
0.722 1.106 0.887 1.381 1.433 1.212 1.023 0.795 0.269  
55.02 58.24 51.06 52.57 60.99 77.419 59.563 45.213  
# Index std errors  
706 640 820 1120 1190 740 528 528 822 638.4 628 97.4 65.6 
49.5 162 61.5 106.5 67 121 56 137.5 129.5 9  
0.068 0.062 0.055 0.045 0.039 0.046 0.04 0.04 0.032 0.039 0.034 0.029 0.035 0.031 0.032 0.028 0.026 0.031 0.029 0.038 0.031 0.027 0.03 0.027 0.03 0.023 0.015 0.013 0.009 0.005 
2862 2344 2813.5 694 1643.5 521.5 1641.5 313 967.5  
1702.54 1702.2 1498.66 865.98 1294.4 1213.16 860.58 1194.34 1183.06 1219.86 1694.22 1282.92 1026.26 616.14 675.18 40.2 35.32 270.16 399.76 167.46 170.02 89.72 52.22 302.48 88.54 41.42 14.02 0.24 72.56 
0.36 0.22 0.12 0.16 0.18 0.22 0.18 0.14 0.14 0.04 0.14 0.16 0.16 0.02 0.14 
0.278 0.386 0.342 0.28 0.28 0.198 0.222 0.162 0.154 0.11 0.064 
0.144 0.221 0.177 0.276 0.287 0.242 0.205 0.159 0.054  
22.008 23.296 20.424 21.028 24.396 30.968 23.825 18.085  
# Number of Index age data  
13 
0 
0 
6 
0 
0 
0 
0 
0 
# Index age years  
1997 1998 1999 2000 2001 2002 2003 2004 2005 2006 2007 2008 2009 
# 
# 
2001 2003 2004 2005 2006 2008  
# 
# 
# 
# 
# 
# Index age composition sample sizes  
30 30 30 30 30 30 30 30 30 30 30 30 30 
# 
# 
20 20 20 20 20 20  
# 
# 
# 
# 
# 
# Index age comp  
 265 7857 8492 2422 668 131 115 128 75 76 95 
 119 10599 9851 912 236 142 241 166 24 4 6 
 365 5368 7891 1963 1014 377 194 500 357 212 63 
 0 2529 11296 7864 2787 567 113 42 20 16 20 
 280 6596 14354 7124 1792 428 241 177 103 44 7 
 1 498 2217 1833 2363 565 280 80 21 7 2 
 1 276 2132 3089 2343 680 200 156 115 54 41 
 0 120 662 1833 2277 1709 1128 910 893 320 62 
 0 0 1210 2670 5250 2377 701 320 64 82 188 
 0 0 12 1799 4266 2625 511 322 188 110 70 
 0 0 0 1 339 1113 1058 976 869 439 411 
 0 0 0 0 96 317 256 117 87 34 49 
 0 0 0 0 0 7 265 169 143 127 98 
# Index age comp MPH (egg production)  
 3787 8944 9208 1436 700 420 401 182 58 14 9 
 54 529 837 336 563 398 400 219 84 35 6 
 122 1217 2801 1511 719 405 584 376 168 66 9 
 0 0 21 1115 718 485 336 136 94 57 0 
 0 6 216 1232 1892 1473 849 304 114 78 0 
 0 0 146 419 778 982 716 323 194 9 9 
# Index age comp  
# 
# Index wt-age 1 AcousCS  
 0.093 0.131 0.178 0.262 0.294 0.34 0.396 0.549 0.738 0.984 1.093 
 0.093 0.131 0.178 0.262 0.294 0.34 0.396 0.549 0.738 0.984 1.093 
 0.093 0.131 0.178 0.262 0.294 0.34 0.396 0.549 0.738 0.984 1.093 
 0.093 0.131 0.178 0.262 0.294 0.34 0.396 0.549 0.738 0.984 1.093 
 0.093 0.131 0.178 0.262 0.294 0.34 0.396 0.549 0.738 0.984 1.093 
 0.093 0.131 0.178 0.262 0.294 0.34 0.396 0.549 0.738 0.984 1.093 
 0.078 0.155 0.214 0.275 0.336 0.394 0.472 0.632 0.714 0.898 1.538 
 0.092 0.109 0.236 0.275 0.314 0.375 0.456 0.521 0.732 0.651 1.137 
 0.084 0.104 0.147 0.211 0.327 0.394 0.449 0.514 0.583 0.631 1.538 
 0.108 0.16 0.199 0.241 0.301 0.388 0.466 0.588 0.871 1.265 1.972 
 0.06 0.132 0.231 0.272 0.35 0.447 0.519 0.716 0.82 1.073 1.854 
 0.095 0.149 0.242 0.294 0.34 0.407 0.503 0.637 0.765 1.184 1.9 
 0.085 0.166 0.207 0.269 0.323 0.378 0.472 0.536 0.644 0.987 1.185 
 0.099 0.122 0.23 0.273 0.32 0.374 0.461 0.596 0.709 1.196 1.769 
 0.135 0.154 0.185 0.266 0.33 0.383 0.449 0.577 0.685 1.012 1.846 
 0.148 0.181 0.223 0.27 0.339 0.398 0.473 0.573 0.796 1.376 1.647 
 0.075 0.172 0.247 0.286 0.346 0.427 0.518 0.64 0.844 1.351 2.11 
 0.117 0.14 0.191 0.27 0.357 0.434 0.503 0.577 0.689 1.089 1.979 
 0.124 0.159 0.197 0.233 0.342 0.444 0.512 0.588 0.75 1.012 1.372 
 0.103 0.22 0.241 0.278 0.339 0.467 0.585 0.702 0.779 0.88 1.538 
 0.091 0.153 0.264 0.309 0.373 0.461 0.582 0.694 0.835 0.97 1.598 
 0.106 0.132 0.186 0.271 0.381 0.451 0.542 0.667 0.787 0.901 1.053 
 0.083 0.118 0.177 0.239 0.275 0.409 0.524 0.594 0.709 0.851 1.046 
 0.089 0.121 0.181 0.246 0.32 0.408 0.579 0.719 0.853 0.965 1.174 
 0.084 0.112 0.224 0.27 0.336 0.462 0.643 0.808 0.868 1.058 1.421 
 0.098 0.145 0.192 0.27 0.34 0.429 0.577 0.807 0.965 1.115 1.367 
 0.092 0.151 0.191 0.28 0.352 0.524 0.683 0.945 1.216 1.426 1.477 
 0.106 0.146 0.201 0.26 0.355 0.495 0.683 0.884 1.088 1.467 1.647 
 0.128 0.138 0.178 0.248 0.34 0.545 0.806 1.035 1.246 1.412 1.655 
 0.109 0.134 0.174 0.25 0.331 0.465 0.742 1.021 1.258 1.376 1.776 
 0.064 0.163 0.196 0.255 0.346 0.466 0.756 0.999 1.141 1.228 1.563 
 0.098 0.122 0.179 0.258 0.325 0.461 0.614 0.828 1.074 1.36 1.671 
 0.074 0.13 0.2 0.257 0.329 0.445 0.645 0.883 1.102 1.321 1.649 
 0.086 0.117 0.186 0.245 0.307 0.4 0.564 0.768 1.005 1.209 1.537 
 0.08 0.158 0.193 0.247 0.307 0.387 0.528 0.7 0.897 1.087 1.541 
 0.075 0.113 0.196 0.259 0.318 0.399 0.517 0.641 0.767 0.918 1.296 
 0.076 0.116 0.141 0.261 0.35 0.419 0.516 0.631 0.752 0.924 1.263 
 0.074 0.121 0.172 0.226 0.331 0.431 0.51 0.621 0.756 0.903 1.177 
 0.0483 0.0688 0.1858 0.2538 0.3124 0.4156 0.5152 0.6053 0.7192 0.8613 1.148 
 0.0453 0.109 0.1423 0.253 0.3299 0.4112 0.5316 0.625 0.7643 0.886 1.144 
 0.0521 0.1013 0.1747 0.2365 0.3133 0.4149 0.5386 0.6488 0.7873 0.9635 1.473 
 0.0667 0.1006 0.1901 0.2872 0.3532 0.4664 0.613 0.7735 0.9226 1.1733 1.514 
 0.014 0.0815 0.2018 0.2635 0.3528 0.4758 0.5579 0.7105 0.9117 1.1462 1.6 
# Index wt-age 2 Acous_N  
 0.093 0.131 0.178 0.262 0.294 0.34 0.396 0.549 0.738 0.984 1.093 
 0.093 0.131 0.178 0.262 0.294 0.34 0.396 0.549 0.738 0.984 1.093 
 0.093 0.131 0.178 0.262 0.294 0.34 0.396 0.549 0.738 0.984 1.093 
 0.093 0.131 0.178 0.262 0.294 0.34 0.396 0.549 0.738 0.984 1.093 
 0.093 0.131 0.178 0.262 0.294 0.34 0.396 0.549 0.738 0.984 1.093 
 0.093 0.131 0.178 0.262 0.294 0.34 0.396 0.549 0.738 0.984 1.093 
 0.078 0.155 0.214 0.275 0.336 0.394 0.472 0.632 0.714 0.898 1.538 
 0.092 0.109 0.236 0.275 0.314 0.375 0.456 0.521 0.732 0.651 1.137 
 0.084 0.104 0.147 0.211 0.327 0.394 0.449 0.514 0.583 0.631 1.538 
 0.108 0.16 0.199 0.241 0.301 0.388 0.466 0.588 0.871 1.265 1.972 
 0.06 0.132 0.231 0.272 0.35 0.447 0.519 0.716 0.82 1.073 1.854 
 0.095 0.149 0.242 0.294 0.34 0.407 0.503 0.637 0.765 1.184 1.9 
 0.085 0.166 0.207 0.269 0.323 0.378 0.472 0.536 0.644 0.987 1.185 
 0.099 0.122 0.23 0.273 0.32 0.374 0.461 0.596 0.709 1.196 1.769 
 0.135 0.154 0.185 0.266 0.33 0.383 0.449 0.577 0.685 1.012 1.846 
 0.148 0.181 0.223 0.27 0.339 0.398 0.473 0.573 0.796 1.376 1.647 
 0.075 0.172 0.247 0.286 0.346 0.427 0.518 0.64 0.844 1.351 2.11 
 0.117 0.14 0.191 0.27 0.357 0.434 0.503 0.577 0.689 1.089 1.979 
 0.124 0.159 0.197 0.233 0.342 0.444 0.512 0.588 0.75 1.012 1.372 
 0.103 0.22 0.241 0.278 0.339 0.467 0.585 0.702 0.779 0.88 1.538 
 0.091 0.153 0.264 0.309 0.373 0.461 0.582 0.694 0.835 0.97 1.598 
 0.106 0.132 0.186 0.271 0.381 0.451 0.542 0.667 0.787 0.901 1.053 
 0.083 0.118 0.177 0.239 0.275 0.409 0.524 0.594 0.709 0.851 1.046 
 0.089 0.121 0.181 0.246 0.32 0.408 0.579 0.719 0.853 0.965 1.174 
 0.084 0.112 0.224 0.27 0.336 0.462 0.643 0.808 0.868 1.058 1.421 
 0.098 0.145 0.192 0.27 0.34 0.429 0.577 0.807 0.965 1.115 1.367 
 0.092 0.151 0.191 0.28 0.352 0.524 0.683 0.945 1.216 1.426 1.477 
 0.106 0.146 0.201 0.26 0.355 0.495 0.683 0.884 1.088 1.467 1.647 
 0.128 0.138 0.178 0.248 0.34 0.545 0.806 1.035 1.246 1.412 1.655 
 0.109 0.134 0.174 0.25 0.331 0.465 0.742 1.021 1.258 1.376 1.776 
 0.064 0.163 0.196 0.255 0.346 0.466 0.756 0.999 1.141 1.228 1.563 
 0.098 0.122 0.179 0.258 0.325 0.461 0.614 0.828 1.074 1.36 1.671 
 0.074 0.13 0.2 0.257 0.329 0.445 0.645 0.883 1.102 1.321 1.649 
 0.086 0.117 0.186 0.245 0.307 0.4 0.564 0.768 1.005 1.209 1.537 
 0.08 0.158 0.193 0.247 0.307 0.387 0.528 0.7 0.897 1.087 1.541 
 0.075 0.113 0.196 0.259 0.318 0.399 0.517 0.641 0.767 0.918 1.296 
 0.076 0.116 0.141 0.261 0.35 0.419 0.516 0.631 0.752 0.924 1.263 
 0.074 0.121 0.172 0.226 0.331 0.431 0.51 0.621 0.756 0.903 1.177 
 0.0483 0.0688 0.1858 0.2538 0.3124 0.4156 0.5152 0.6053 0.7192 0.8613 1.148 
 0.0453 0.109 0.1423 0.253 0.3299 0.4112 0.5316 0.625 0.7643 0.886 1.144 
 0.0521 0.1013 0.1747 0.2365 0.3133 0.4149 0.5386 0.6488 0.7873 0.9635 1.473 
 0.0667 0.1006 0.1901 0.2872 0.3532 0.4664 0.613 0.7735 0.9226 1.1733 1.514 
 0.014 0.0815 0.2018 0.2635 0.3528 0.4758 0.5579 0.7105 0.9117 1.1462 1.6 
# Index wt-age 3 Chile_CPUE  
 0.093 0.131 0.178 0.262 0.294 0.34 0.396 0.549 0.738 0.984 1.093 
 0.093 0.131 0.178 0.262 0.294 0.34 0.396 0.549 0.738 0.984 1.093 
 0.093 0.131 0.178 0.262 0.294 0.34 0.396 0.549 0.738 0.984 1.093 
 0.093 0.131 0.178 0.262 0.294 0.34 0.396 0.549 0.738 0.984 1.093 
 0.093 0.131 0.178 0.262 0.294 0.34 0.396 0.549 0.738 0.984 1.093 
 0.093 0.131 0.178 0.262 0.294 0.34 0.396 0.549 0.738 0.984 1.093 
 0.078 0.155 0.214 0.275 0.336 0.394 0.472 0.632 0.714 0.898 1.538 
 0.092 0.109 0.236 0.275 0.314 0.375 0.456 0.521 0.732 0.651 1.137 
 0.084 0.104 0.147 0.211 0.327 0.394 0.449 0.514 0.583 0.631 1.538 
 0.108 0.16 0.199 0.241 0.301 0.388 0.466 0.588 0.871 1.265 1.972 
 0.06 0.132 0.231 0.272 0.35 0.447 0.519 0.716 0.82 1.073 1.854 
 0.095 0.149 0.242 0.294 0.34 0.407 0.503 0.637 0.765 1.184 1.9 
 0.085 0.166 0.207 0.269 0.323 0.378 0.472 0.536 0.644 0.987 1.185 
 0.099 0.122 0.23 0.273 0.32 0.374 0.461 0.596 0.709 1.196 1.769 
 0.135 0.154 0.185 0.266 0.33 0.383 0.449 0.577 0.685 1.012 1.846 
 0.148 0.181 0.223 0.27 0.339 0.398 0.473 0.573 0.796 1.376 1.647 
 0.075 0.172 0.247 0.286 0.346 0.427 0.518 0.64 0.844 1.351 2.11 
 0.117 0.14 0.191 0.27 0.357 0.434 0.503 0.577 0.689 1.089 1.979 
 0.124 0.159 0.197 0.233 0.342 0.444 0.512 0.588 0.75 1.012 1.372 
 0.103 0.22 0.241 0.278 0.339 0.467 0.585 0.702 0.779 0.88 1.538 
 0.091 0.153 0.264 0.309 0.373 0.461 0.582 0.694 0.835 0.97 1.598 
 0.106 0.132 0.186 0.271 0.381 0.451 0.542 0.667 0.787 0.901 1.053 
 0.083 0.118 0.177 0.239 0.275 0.409 0.524 0.594 0.709 0.851 1.046 
 0.089 0.121 0.181 0.246 0.32 0.408 0.579 0.719 0.853 0.965 1.174 
 0.084 0.112 0.224 0.27 0.336 0.462 0.643 0.808 0.868 1.058 1.421 
 0.098 0.145 0.192 0.27 0.34 0.429 0.577 0.807 0.965 1.115 1.367 
 0.092 0.151 0.191 0.28 0.352 0.524 0.683 0.945 1.216 1.426 1.477 
 0.106 0.146 0.201 0.26 0.355 0.495 0.683 0.884 1.088 1.467 1.647 
 0.128 0.138 0.178 0.248 0.34 0.545 0.806 1.035 1.246 1.412 1.655 
 0.109 0.134 0.174 0.25 0.331 0.465 0.742 1.021 1.258 1.376 1.776 
 0.064 0.163 0.196 0.255 0.346 0.466 0.756 0.999 1.141 1.228 1.563 
 0.098 0.122 0.179 0.258 0.325 0.461 0.614 0.828 1.074 1.36 1.671 
 0.074 0.13 0.2 0.257 0.329 0.445 0.645 0.883 1.102 1.321 1.649 
 0.086 0.117 0.186 0.245 0.307 0.4 0.564 0.768 1.005 1.209 1.537 
 0.08 0.158 0.193 0.247 0.307 0.387 0.528 0.7 0.897 1.087 1.541 
 0.075 0.113 0.196 0.259 0.318 0.399 0.517 0.641 0.767 0.918 1.296 
 0.076 0.116 0.141 0.261 0.35 0.419 0.516 0.631 0.752 0.924 1.263 
 0.074 0.121 0.172 0.226 0.331 0.431 0.51 0.621 0.756 0.903 1.177 
 0.0483 0.0688 0.1858 0.2538 0.3124 0.4156 0.5152 0.6053 0.7192 0.8613 1.148 
 0.0453 0.109 0.1423 0.253 0.3299 0.4112 0.5316 0.625 0.7643 0.886 1.144 
 0.0521 0.1013 0.1747 0.2365 0.3133 0.4149 0.5386 0.6488 0.7873 0.9635 1.473 
 0.0667 0.1006 0.1901 0.2872 0.3532 0.4664 0.613 0.7735 0.9226 1.1733 1.514 
 0.014 0.0815 0.2018 0.2635 0.3528 0.4758 0.5579 0.7105 0.9117 1.1462 1.6 
# Index wt-age 4 DEPM  
 0.093 0.131 0.178 0.262 0.294 0.34 0.396 0.549 0.738 0.984 1.093 
 0.093 0.131 0.178 0.262 0.294 0.34 0.396 0.549 0.738 0.984 1.093 
 0.093 0.131 0.178 0.262 0.294 0.34 0.396 0.549 0.738 0.984 1.093 
 0.093 0.131 0.178 0.262 0.294 0.34 0.396 0.549 0.738 0.984 1.093 
 0.093 0.131 0.178 0.262 0.294 0.34 0.396 0.549 0.738 0.984 1.093 
 0.093 0.131 0.178 0.262 0.294 0.34 0.396 0.549 0.738 0.984 1.093 
 0.078 0.155 0.214 0.275 0.336 0.394 0.472 0.632 0.714 0.898 1.538 
 0.092 0.109 0.236 0.275 0.314 0.375 0.456 0.521 0.732 0.651 1.137 
 0.084 0.104 0.147 0.211 0.327 0.394 0.449 0.514 0.583 0.631 1.538 
 0.108 0.16 0.199 0.241 0.301 0.388 0.466 0.588 0.871 1.265 1.972 
 0.06 0.132 0.231 0.272 0.35 0.447 0.519 0.716 0.82 1.073 1.854 
 0.095 0.149 0.242 0.294 0.34 0.407 0.503 0.637 0.765 1.184 1.9 
 0.085 0.166 0.207 0.269 0.323 0.378 0.472 0.536 0.644 0.987 1.185 
 0.099 0.122 0.23 0.273 0.32 0.374 0.461 0.596 0.709 1.196 1.769 
 0.135 0.154 0.185 0.266 0.33 0.383 0.449 0.577 0.685 1.012 1.846 
 0.148 0.181 0.223 0.27 0.339 0.398 0.473 0.573 0.796 1.376 1.647 
 0.075 0.172 0.247 0.286 0.346 0.427 0.518 0.64 0.844 1.351 2.11 
 0.117 0.14 0.191 0.27 0.357 0.434 0.503 0.577 0.689 1.089 1.979 
 0.124 0.159 0.197 0.233 0.342 0.444 0.512 0.588 0.75 1.012 1.372 
 0.103 0.22 0.241 0.278 0.339 0.467 0.585 0.702 0.779 0.88 1.538 
 0.091 0.153 0.264 0.309 0.373 0.461 0.582 0.694 0.835 0.97 1.598 
 0.106 0.132 0.186 0.271 0.381 0.451 0.542 0.667 0.787 0.901 1.053 
 0.083 0.118 0.177 0.239 0.275 0.409 0.524 0.594 0.709 0.851 1.046 
 0.089 0.121 0.181 0.246 0.32 0.408 0.579 0.719 0.853 0.965 1.174 
 0.084 0.112 0.224 0.27 0.336 0.462 0.643 0.808 0.868 1.058 1.421 
 0.098 0.145 0.192 0.27 0.34 0.429 0.577 0.807 0.965 1.115 1.367 
 0.092 0.151 0.191 0.28 0.352 0.524 0.683 0.945 1.216 1.426 1.477 
 0.106 0.146 0.201 0.26 0.355 0.495 0.683 0.884 1.088 1.467 1.647 
 0.128 0.138 0.178 0.248 0.34 0.545 0.806 1.035 1.246 1.412 1.655 
 0.109 0.134 0.174 0.25 0.331 0.465 0.742 1.021 1.258 1.376 1.776 
 0.064 0.163 0.196 0.255 0.346 0.466 0.756 0.999 1.141 1.228 1.563 
 0.098 0.122 0.179 0.258 0.325 0.461 0.614 0.828 1.074 1.36 1.671 
 0.074 0.13 0.2 0.257 0.329 0.445 0.645 0.883 1.102 1.321 1.649 
 0.086 0.117 0.186 0.245 0.307 0.4 0.564 0.768 1.005 1.209 1.537 
 0.08 0.158 0.193 0.247 0.307 0.387 0.528 0.7 0.897 1.087 1.541 
 0.075 0.113 0.196 0.259 0.318 0.399 0.517 0.641 0.767 0.918 1.296 
 0.076 0.116 0.141 0.261 0.35 0.419 0.516 0.631 0.752 0.924 1.263 
 0.074 0.121 0.172 0.226 0.331 0.431 0.51 0.621 0.756 0.903 1.177 
 0.0483 0.0688 0.1858 0.2538 0.3124 0.4156 0.5152 0.6053 0.7192 0.8613 1.148 
 0.0453 0.109 0.1423 0.253 0.3299 0.4112 0.5316 0.625 0.7643 0.886 1.144 
 0.0521 0.1013 0.1747 0.2365 0.3133 0.4149 0.5386 0.6488 0.7873 0.9635 1.473 
 0.0667 0.1006 0.1901 0.2872 0.3532 0.4664 0.613 0.7735 0.9226 1.1733 1.514 
 0.014 0.0815 0.2018 0.2635 0.3528 0.4758 0.5579 0.7105 0.9117 1.1462 1.6 
# Index wt-age 5 Acoustic_Peru  
 0.093 0.131 0.178 0.262 0.294 0.34 0.396 0.549 0.738 0.984 1.093 
 0.093 0.131 0.178 0.262 0.294 0.34 0.396 0.549 0.738 0.984 1.093 
 0.093 0.131 0.178 0.262 0.294 0.34 0.396 0.549 0.738 0.984 1.093 
 0.093 0.131 0.178 0.262 0.294 0.34 0.396 0.549 0.738 0.984 1.093 
 0.093 0.131 0.178 0.262 0.294 0.34 0.396 0.549 0.738 0.984 1.093 
 0.093 0.131 0.178 0.262 0.294 0.34 0.396 0.549 0.738 0.984 1.093 
 0.078 0.155 0.214 0.275 0.336 0.394 0.472 0.632 0.714 0.898 1.538 
 0.092 0.109 0.236 0.275 0.314 0.375 0.456 0.521 0.732 0.651 1.137 
 0.084 0.104 0.147 0.211 0.327 0.394 0.449 0.514 0.583 0.631 1.538 
 0.108 0.16 0.199 0.241 0.301 0.388 0.466 0.588 0.871 1.265 1.972 
 0.06 0.132 0.231 0.272 0.35 0.447 0.519 0.716 0.82 1.073 1.854 
 0.095 0.149 0.242 0.294 0.34 0.407 0.503 0.637 0.765 1.184 1.9 
 0.085 0.166 0.207 0.269 0.323 0.378 0.472 0.536 0.644 0.987 1.185 
 0.099 0.122 0.23 0.273 0.32 0.374 0.461 0.596 0.709 1.196 1.769 
 0.135 0.154 0.185 0.266 0.33 0.383 0.449 0.577 0.685 1.012 1.846 
 0.148 0.181 0.223 0.27 0.339 0.398 0.473 0.573 0.796 1.376 1.647 
 0.075 0.172 0.247 0.286 0.346 0.427 0.518 0.64 0.844 1.351 2.11 
 0.117 0.14 0.191 0.27 0.357 0.434 0.503 0.577 0.689 1.089 1.979 
 0.124 0.159 0.197 0.233 0.342 0.444 0.512 0.588 0.75 1.012 1.372 
 0.103 0.22 0.241 0.278 0.339 0.467 0.585 0.702 0.779 0.88 1.538 
 0.091 0.153 0.264 0.309 0.373 0.461 0.582 0.694 0.835 0.97 1.598 
 0.106 0.132 0.186 0.271 0.381 0.451 0.542 0.667 0.787 0.901 1.053 
 0.083 0.118 0.177 0.239 0.275 0.409 0.524 0.594 0.709 0.851 1.046 
 0.089 0.121 0.181 0.246 0.32 0.408 0.579 0.719 0.853 0.965 1.174 
 0.084 0.112 0.224 0.27 0.336 0.462 0.643 0.808 0.868 1.058 1.421 
 0.098 0.145 0.192 0.27 0.34 0.429 0.577 0.807 0.965 1.115 1.367 
 0.092 0.151 0.191 0.28 0.352 0.524 0.683 0.945 1.216 1.426 1.477 
 0.106 0.146 0.201 0.26 0.355 0.495 0.683 0.884 1.088 1.467 1.647 
 0.128 0.138 0.178 0.248 0.34 0.545 0.806 1.035 1.246 1.412 1.655 
 0.109 0.134 0.174 0.25 0.331 0.465 0.742 1.021 1.258 1.376 1.776 
 0.064 0.163 0.196 0.255 0.346 0.466 0.756 0.999 1.141 1.228 1.563 
 0.098 0.122 0.179 0.258 0.325 0.461 0.614 0.828 1.074 1.36 1.671 
 0.074 0.13 0.2 0.257 0.329 0.445 0.645 0.883 1.102 1.321 1.649 
 0.086 0.117 0.186 0.245 0.307 0.4 0.564 0.768 1.005 1.209 1.537 
 0.08 0.158 0.193 0.247 0.307 0.387 0.528 0.7 0.897 1.087 1.541 
 0.075 0.113 0.196 0.259 0.318 0.399 0.517 0.641 0.767 0.918 1.296 
 0.076 0.116 0.141 0.261 0.35 0.419 0.516 0.631 0.752 0.924 1.263 
 0.074 0.121 0.172 0.226 0.331 0.431 0.51 0.621 0.756 0.903 1.177 
 0.0483 0.0688 0.1858 0.2538 0.3124 0.4156 0.5152 0.6053 0.7192 0.8613 1.148 
 0.0453 0.109 0.1423 0.253 0.3299 0.4112 0.5316 0.625 0.7643 0.886 1.144 
 0.0521 0.1013 0.1747 0.2365 0.3133 0.4149 0.5386 0.6488 0.7873 0.9635 1.473 
 0.0667 0.1006 0.1901 0.2872 0.3532 0.4664 0.613 0.7735 0.9226 1.1733 1.514 
 0.014 0.0815 0.2018 0.2635 0.3528 0.4758 0.5579 0.7105 0.9117 1.1462 1.6 
# Index wt-age 6 Peru_CPUE  
 0.093 0.131 0.178 0.262 0.294 0.34 0.396 0.549 0.738 0.984 1.093 
 0.093 0.131 0.178 0.262 0.294 0.34 0.396 0.549 0.738 0.984 1.093 
 0.093 0.131 0.178 0.262 0.294 0.34 0.396 0.549 0.738 0.984 1.093 
 0.093 0.131 0.178 0.262 0.294 0.34 0.396 0.549 0.738 0.984 1.093 
 0.093 0.131 0.178 0.262 0.294 0.34 0.396 0.549 0.738 0.984 1.093 
 0.093 0.131 0.178 0.262 0.294 0.34 0.396 0.549 0.738 0.984 1.093 
 0.078 0.155 0.214 0.275 0.336 0.394 0.472 0.632 0.714 0.898 1.538 
 0.092 0.109 0.236 0.275 0.314 0.375 0.456 0.521 0.732 0.651 1.137 
 0.084 0.104 0.147 0.211 0.327 0.394 0.449 0.514 0.583 0.631 1.538 
 0.108 0.16 0.199 0.241 0.301 0.388 0.466 0.588 0.871 1.265 1.972 
 0.06 0.132 0.231 0.272 0.35 0.447 0.519 0.716 0.82 1.073 1.854 
 0.095 0.149 0.242 0.294 0.34 0.407 0.503 0.637 0.765 1.184 1.9 
 0.085 0.166 0.207 0.269 0.323 0.378 0.472 0.536 0.644 0.987 1.185 
 0.099 0.122 0.23 0.273 0.32 0.374 0.461 0.596 0.709 1.196 1.769 
 0.135 0.154 0.185 0.266 0.33 0.383 0.449 0.577 0.685 1.012 1.846 
 0.148 0.181 0.223 0.27 0.339 0.398 0.473 0.573 0.796 1.376 1.647 
 0.075 0.172 0.247 0.286 0.346 0.427 0.518 0.64 0.844 1.351 2.11 
 0.117 0.14 0.191 0.27 0.357 0.434 0.503 0.577 0.689 1.089 1.979 
 0.124 0.159 0.197 0.233 0.342 0.444 0.512 0.588 0.75 1.012 1.372 
 0.103 0.22 0.241 0.278 0.339 0.467 0.585 0.702 0.779 0.88 1.538 
 0.091 0.153 0.264 0.309 0.373 0.461 0.582 0.694 0.835 0.97 1.598 
 0.106 0.132 0.186 0.271 0.381 0.451 0.542 0.667 0.787 0.901 1.053 
 0.083 0.118 0.177 0.239 0.275 0.409 0.524 0.594 0.709 0.851 1.046 
 0.089 0.121 0.181 0.246 0.32 0.408 0.579 0.719 0.853 0.965 1.174 
 0.084 0.112 0.224 0.27 0.336 0.462 0.643 0.808 0.868 1.058 1.421 
 0.098 0.145 0.192 0.27 0.34 0.429 0.577 0.807 0.965 1.115 1.367 
 0.092 0.151 0.191 0.28 0.352 0.524 0.683 0.945 1.216 1.426 1.477 
 0.106 0.146 0.201 0.26 0.355 0.495 0.683 0.884 1.088 1.467 1.647 
 0.128 0.138 0.178 0.248 0.34 0.545 0.806 1.035 1.246 1.412 1.655 
 0.109 0.134 0.174 0.25 0.331 0.465 0.742 1.021 1.258 1.376 1.776 
 0.064 0.163 0.196 0.255 0.346 0.466 0.756 0.999 1.141 1.228 1.563 
 0.098 0.122 0.179 0.258 0.325 0.461 0.614 0.828 1.074 1.36 1.671 
 0.074 0.13 0.2 0.257 0.329 0.445 0.645 0.883 1.102 1.321 1.649 
 0.086 0.117 0.186 0.245 0.307 0.4 0.564 0.768 1.005 1.209 1.537 
 0.08 0.158 0.193 0.247 0.307 0.387 0.528 0.7 0.897 1.087 1.541 
 0.075 0.113 0.196 0.259 0.318 0.399 0.517 0.641 0.767 0.918 1.296 
 0.076 0.116 0.141 0.261 0.35 0.419 0.516 0.631 0.752 0.924 1.263 
 0.074 0.121 0.172 0.226 0.331 0.431 0.51 0.621 0.756 0.903 1.177 
 0.0483 0.0688 0.1858 0.2538 0.3124 0.4156 0.5152 0.6053 0.7192 0.8613 1.148 
 0.0453 0.109 0.1423 0.253 0.3299 0.4112 0.5316 0.625 0.7643 0.886 1.144 
 0.0521 0.1013 0.1747 0.2365 0.3133 0.4149 0.5386 0.6488 0.7873 0.9635 1.473 
 0.0667 0.1006 0.1901 0.2872 0.3532 0.4664 0.613 0.7735 0.9226 1.1733 1.514 
 0.014 0.0815 0.2018 0.2635 0.3528 0.4758 0.5579 0.7105 0.9117 1.1462 1.6 
# Index wt-age 7 Chinese_CPUE  
 0.093 0.131 0.178 0.262 0.294 0.34 0.396 0.549 0.738 0.984 1.093 
 0.093 0.131 0.178 0.262 0.294 0.34 0.396 0.549 0.738 0.984 1.093 
 0.093 0.131 0.178 0.262 0.294 0.34 0.396 0.549 0.738 0.984 1.093 
 0.093 0.131 0.178 0.262 0.294 0.34 0.396 0.549 0.738 0.984 1.093 
 0.093 0.131 0.178 0.262 0.294 0.34 0.396 0.549 0.738 0.984 1.093 
 0.093 0.131 0.178 0.262 0.294 0.34 0.396 0.549 0.738 0.984 1.093 
 0.078 0.155 0.214 0.275 0.336 0.394 0.472 0.632 0.714 0.898 1.538 
 0.092 0.109 0.236 0.275 0.314 0.375 0.456 0.521 0.732 0.651 1.137 
 0.084 0.104 0.147 0.211 0.327 0.394 0.449 0.514 0.583 0.631 1.538 
 0.108 0.16 0.199 0.241 0.301 0.388 0.466 0.588 0.871 1.265 1.972 
 0.06 0.132 0.231 0.272 0.35 0.447 0.519 0.716 0.82 1.073 1.854 
 0.095 0.149 0.242 0.294 0.34 0.407 0.503 0.637 0.765 1.184 1.9 
 0.085 0.166 0.207 0.269 0.323 0.378 0.472 0.536 0.644 0.987 1.185 
 0.099 0.122 0.23 0.273 0.32 0.374 0.461 0.596 0.709 1.196 1.769 
 0.135 0.154 0.185 0.266 0.33 0.383 0.449 0.577 0.685 1.012 1.846 
 0.148 0.181 0.223 0.27 0.339 0.398 0.473 0.573 0.796 1.376 1.647 
 0.075 0.172 0.247 0.286 0.346 0.427 0.518 0.64 0.844 1.351 2.11 
 0.117 0.14 0.191 0.27 0.357 0.434 0.503 0.577 0.689 1.089 1.979 
 0.124 0.159 0.197 0.233 0.342 0.444 0.512 0.588 0.75 1.012 1.372 
 0.103 0.22 0.241 0.278 0.339 0.467 0.585 0.702 0.779 0.88 1.538 
 0.091 0.153 0.264 0.309 0.373 0.461 0.582 0.694 0.835 0.97 1.598 
 0.106 0.132 0.186 0.271 0.381 0.451 0.542 0.667 0.787 0.901 1.053 
 0.083 0.118 0.177 0.239 0.275 0.409 0.524 0.594 0.709 0.851 1.046 
 0.089 0.121 0.181 0.246 0.32 0.408 0.579 0.719 0.853 0.965 1.174 
 0.084 0.112 0.224 0.27 0.336 0.462 0.643 0.808 0.868 1.058 1.421 
 0.098 0.145 0.192 0.27 0.34 0.429 0.577 0.807 0.965 1.115 1.367 
 0.092 0.151 0.191 0.28 0.352 0.524 0.683 0.945 1.216 1.426 1.477 
 0.106 0.146 0.201 0.26 0.355 0.495 0.683 0.884 1.088 1.467 1.647 
 0.128 0.138 0.178 0.248 0.34 0.545 0.806 1.035 1.246 1.412 1.655 
 0.109 0.134 0.174 0.25 0.331 0.465 0.742 1.021 1.258 1.376 1.776 
 0.064 0.163 0.196 0.255 0.346 0.466 0.756 0.999 1.141 1.228 1.563 
 0.098 0.122 0.179 0.258 0.325 0.461 0.614 0.828 1.074 1.36 1.671 
 0.074 0.13 0.2 0.257 0.329 0.445 0.645 0.883 1.102 1.321 1.649 
 0.086 0.117 0.186 0.245 0.307 0.4 0.564 0.768 1.005 1.209 1.537 
 0.08 0.158 0.193 0.247 0.307 0.387 0.528 0.7 0.897 1.087 1.541 
 0.075 0.113 0.196 0.259 0.318 0.399 0.517 0.641 0.767 0.918 1.296 
 0.076 0.116 0.141 0.261 0.35 0.419 0.516 0.631 0.752 0.924 1.263 
 0.074 0.121 0.172 0.226 0.331 0.431 0.51 0.621 0.756 0.903 1.177 
 0.0483 0.0688 0.1858 0.2538 0.3124 0.4156 0.5152 0.6053 0.7192 0.8613 1.148 
 0.0453 0.109 0.1423 0.253 0.3299 0.4112 0.5316 0.625 0.7643 0.886 1.144 
 0.0521 0.1013 0.1747 0.2365 0.3133 0.4149 0.5386 0.6488 0.7873 0.9635 1.473 
 0.0667 0.1006 0.1901 0.2872 0.3532 0.4664 0.613 0.7735 0.9226 1.1733 1.514 
 0.014 0.0815 0.2018 0.2635 0.3528 0.4758 0.5579 0.7105 0.9117 1.1462 1.6 
# Index wt-age 8 EU_CPUE  
 0.093 0.131 0.178 0.262 0.294 0.34 0.396 0.549 0.738 0.984 1.093 
 0.093 0.131 0.178 0.262 0.294 0.34 0.396 0.549 0.738 0.984 1.093 
 0.093 0.131 0.178 0.262 0.294 0.34 0.396 0.549 0.738 0.984 1.093 
 0.093 0.131 0.178 0.262 0.294 0.34 0.396 0.549 0.738 0.984 1.093 
 0.093 0.131 0.178 0.262 0.294 0.34 0.396 0.549 0.738 0.984 1.093 
 0.093 0.131 0.178 0.262 0.294 0.34 0.396 0.549 0.738 0.984 1.093 
 0.078 0.155 0.214 0.275 0.336 0.394 0.472 0.632 0.714 0.898 1.538 
 0.092 0.109 0.236 0.275 0.314 0.375 0.456 0.521 0.732 0.651 1.137 
 0.084 0.104 0.147 0.211 0.327 0.394 0.449 0.514 0.583 0.631 1.538 
 0.108 0.16 0.199 0.241 0.301 0.388 0.466 0.588 0.871 1.265 1.972 
 0.06 0.132 0.231 0.272 0.35 0.447 0.519 0.716 0.82 1.073 1.854 
 0.095 0.149 0.242 0.294 0.34 0.407 0.503 0.637 0.765 1.184 1.9 
 0.085 0.166 0.207 0.269 0.323 0.378 0.472 0.536 0.644 0.987 1.185 
 0.099 0.122 0.23 0.273 0.32 0.374 0.461 0.596 0.709 1.196 1.769 
 0.135 0.154 0.185 0.266 0.33 0.383 0.449 0.577 0.685 1.012 1.846 
 0.148 0.181 0.223 0.27 0.339 0.398 0.473 0.573 0.796 1.376 1.647 
 0.075 0.172 0.247 0.286 0.346 0.427 0.518 0.64 0.844 1.351 2.11 
 0.117 0.14 0.191 0.27 0.357 0.434 0.503 0.577 0.689 1.089 1.979 
 0.124 0.159 0.197 0.233 0.342 0.444 0.512 0.588 0.75 1.012 1.372 
 0.103 0.22 0.241 0.278 0.339 0.467 0.585 0.702 0.779 0.88 1.538 
 0.091 0.153 0.264 0.309 0.373 0.461 0.582 0.694 0.835 0.97 1.598 
 0.106 0.132 0.186 0.271 0.381 0.451 0.542 0.667 0.787 0.901 1.053 
 0.083 0.118 0.177 0.239 0.275 0.409 0.524 0.594 0.709 0.851 1.046 
 0.089 0.121 0.181 0.246 0.32 0.408 0.579 0.719 0.853 0.965 1.174 
 0.084 0.112 0.224 0.27 0.336 0.462 0.643 0.808 0.868 1.058 1.421 
 0.098 0.145 0.192 0.27 0.34 0.429 0.577 0.807 0.965 1.115 1.367 
 0.092 0.151 0.191 0.28 0.352 0.524 0.683 0.945 1.216 1.426 1.477 
 0.106 0.146 0.201 0.26 0.355 0.495 0.683 0.884 1.088 1.467 1.647 
 0.128 0.138 0.178 0.248 0.34 0.545 0.806 1.035 1.246 1.412 1.655 
 0.109 0.134 0.174 0.25 0.331 0.465 0.742 1.021 1.258 1.376 1.776 
 0.064 0.163 0.196 0.255 0.346 0.466 0.756 0.999 1.141 1.228 1.563 
 0.098 0.122 0.179 0.258 0.325 0.461 0.614 0.828 1.074 1.36 1.671 
 0.074 0.13 0.2 0.257 0.329 0.445 0.645 0.883 1.102 1.321 1.649 
 0.086 0.117 0.186 0.245 0.307 0.4 0.564 0.768 1.005 1.209 1.537 
 0.08 0.158 0.193 0.247 0.307 0.387 0.528 0.7 0.897 1.087 1.541 
 0.075 0.113 0.196 0.259 0.318 0.399 0.517 0.641 0.767 0.918 1.296 
 0.076 0.116 0.141 0.261 0.35 0.419 0.516 0.631 0.752 0.924 1.263 
 0.074 0.121 0.172 0.226 0.331 0.431 0.51 0.621 0.756 0.903 1.177 
 0.0483 0.0688 0.1858 0.2538 0.3124 0.4156 0.5152 0.6053 0.7192 0.8613 1.148 
 0.0453 0.109 0.1423 0.253 0.3299 0.4112 0.5316 0.625 0.7643 0.886 1.144 
 0.0521 0.1013 0.1747 0.2365 0.3133 0.4149 0.5386 0.6488 0.7873 0.9635 1.473 
 0.0667 0.1006 0.1901 0.2872 0.3532 0.4664 0.613 0.7735 0.9226 1.1733 1.514 
 0.014 0.0815 0.2018 0.2635 0.3528 0.4758 0.5579 0.7105 0.9117 1.1462 1.6 
# Index wt-age 9 USSR_CPUE  
 0.093 0.131 0.178 0.262 0.294 0.34 0.396 0.549 0.738 0.984 1.093 
 0.093 0.131 0.178 0.262 0.294 0.34 0.396 0.549 0.738 0.984 1.093 
 0.093 0.131 0.178 0.262 0.294 0.34 0.396 0.549 0.738 0.984 1.093 
 0.093 0.131 0.178 0.262 0.294 0.34 0.396 0.549 0.738 0.984 1.093 
 0.093 0.131 0.178 0.262 0.294 0.34 0.396 0.549 0.738 0.984 1.093 
 0.093 0.131 0.178 0.262 0.294 0.34 0.396 0.549 0.738 0.984 1.093 
 0.078 0.155 0.214 0.275 0.336 0.394 0.472 0.632 0.714 0.898 1.538 
 0.092 0.109 0.236 0.275 0.314 0.375 0.456 0.521 0.732 0.651 1.137 
 0.084 0.104 0.147 0.211 0.327 0.394 0.449 0.514 0.583 0.631 1.538 
 0.108 0.16 0.199 0.241 0.301 0.388 0.466 0.588 0.871 1.265 1.972 
 0.06 0.132 0.231 0.272 0.35 0.447 0.519 0.716 0.82 1.073 1.854 
 0.095 0.149 0.242 0.294 0.34 0.407 0.503 0.637 0.765 1.184 1.9 
 0.085 0.166 0.207 0.269 0.323 0.378 0.472 0.536 0.644 0.987 1.185 
 0.099 0.122 0.23 0.273 0.32 0.374 0.461 0.596 0.709 1.196 1.769 
 0.135 0.154 0.185 0.266 0.33 0.383 0.449 0.577 0.685 1.012 1.846 
 0.148 0.181 0.223 0.27 0.339 0.398 0.473 0.573 0.796 1.376 1.647 
 0.075 0.172 0.247 0.286 0.346 0.427 0.518 0.64 0.844 1.351 2.11 
 0.117 0.14 0.191 0.27 0.357 0.434 0.503 0.577 0.689 1.089 1.979 
 0.124 0.159 0.197 0.233 0.342 0.444 0.512 0.588 0.75 1.012 1.372 
 0.103 0.22 0.241 0.278 0.339 0.467 0.585 0.702 0.779 0.88 1.538 
 0.091 0.153 0.264 0.309 0.373 0.461 0.582 0.694 0.835 0.97 1.598 
 0.106 0.132 0.186 0.271 0.381 0.451 0.542 0.667 0.787 0.901 1.053 
 0.083 0.118 0.177 0.239 0.275 0.409 0.524 0.594 0.709 0.851 1.046 
 0.089 0.121 0.181 0.246 0.32 0.408 0.579 0.719 0.853 0.965 1.174 
 0.084 0.112 0.224 0.27 0.336 0.462 0.643 0.808 0.868 1.058 1.421 
 0.098 0.145 0.192 0.27 0.34 0.429 0.577 0.807 0.965 1.115 1.367 
 0.092 0.151 0.191 0.28 0.352 0.524 0.683 0.945 1.216 1.426 1.477 
 0.106 0.146 0.201 0.26 0.355 0.495 0.683 0.884 1.088 1.467 1.647 
 0.128 0.138 0.178 0.248 0.34 0.545 0.806 1.035 1.246 1.412 1.655 
 0.109 0.134 0.174 0.25 0.331 0.465 0.742 1.021 1.258 1.376 1.776 
 0.064 0.163 0.196 0.255 0.346 0.466 0.756 0.999 1.141 1.228 1.563 
 0.098 0.122 0.179 0.258 0.325 0.461 0.614 0.828 1.074 1.36 1.671 
 0.074 0.13 0.2 0.257 0.329 0.445 0.645 0.883 1.102 1.321 1.649 
 0.086 0.117 0.186 0.245 0.307 0.4 0.564 0.768 1.005 1.209 1.537 
 0.08 0.158 0.193 0.247 0.307 0.387 0.528 0.7 0.897 1.087 1.541 
 0.075 0.113 0.196 0.259 0.318 0.399 0.517 0.641 0.767 0.918 1.296 
 0.076 0.116 0.141 0.261 0.35 0.419 0.516 0.631 0.752 0.924 1.263 
 0.074 0.121 0.172 0.226 0.331 0.431 0.51 0.621 0.756 0.903 1.177 
 0.0483 0.0688 0.1858 0.2538 0.3124 0.4156 0.5152 0.6053 0.7192 0.8613 1.148 
 0.0453 0.109 0.1423 0.253 0.3299 0.4112 0.5316 0.625 0.7643 0.886 1.144 
 0.0521 0.1013 0.1747 0.2365 0.3133 0.4149 0.5386 0.6488 0.7873 0.9635 1.473 
 0.0667 0.1006 0.1901 0.2872 0.3532 0.4664 0.613 0.7735 0.9226 1.1733 1.514 
 0.014 0.0815 0.2018 0.2635 0.3528 0.4758 0.5579 0.7105 0.9117 1.1462 1.6 
#Population Weight at Age 1000  
 0.0884 0.134 0.195 0.2612 0.328 0.4184 0.5344 0.6814 0.8426 1.0705 1.4589 # it corresponds to average 
#Maturity at Age 6 7 8 9 10 11 12  
#0.01 0.04 0.5 0.96 1 1 1 1 1 1 1 1 
0	0.04	0.5	0.96	1	1	1	1	1	1	1																														
 #0.312168669 0.725119498 0.938773837 0.988903862 0.998073265 0.999667986 0.999942863 0.999990169 0.999998309 0.999999709 0.99999995 
#Month of Spawning  
10.5 
#Ageing error 
 0.7625 0.2215 0.0159 0.0002 0 0 0 0 0 0 0 
 0.244 0.5117 0.2253 0.0185 0.0003 0 0 0 0 0 0 
 0.0217 0.229 0.4991 0.2287 0.0213 0.0004 0 0 0 0 0 
 0.0005 0.0243 0.232 0.487 0.2316 0.0243 0.0005 0 0 0 0 
 0 0.0007 0.0274 0.234 0.4755 0.2341 0.0274 0.0007 0 0 0 
 0 0 0.001 0.0306 0.236 0.4644 0.2362 0.0306 0.001 0 0 
 0 0 0 0.0013 0.0338 0.238 0.4538 0.238 0.0338 0.0013 0 
 0 0 0 0 0.0016 0.0372 0.2394 0.4436 0.2394 0.0372 0.0016 
 0 0 0 0 0 0.002 0.0405 0.2405 0.4339 0.2405 0.0426 
 0 0 0 0 0 0 0.0025 0.0439 0.2413 0.4245 0.2877 
 0 0 0 0 0 0 0.0001 0.0031 0.0473 0.2418 0.7078 
