#Species name here:
Model_0.5_mod0.5.dat
#SSL Species?
1
#Constant buffer of Dorn?
0
#Number of fisheries?
1
#Number of sexes?
1
#5year_Average_F(endyr-4,endyr_as_estimated_by_ADmodel)
0.491431
#_Author_F_as_fraction_F_40%
1
#ABC SPR
0.4
#MSY SPR
0.35
#_Spawn_month
10.5
#_Number_of_ages
12
#_F_ratio(must_sum_to_one_only_one_fishery)
1
#_Natural_Mortality 1 2 3 4 5 6 7 8 9 10 11 12
 0.23 0.23 0.23 0.23 0.23 0.23 0.23 0.23 0.23 0.23 0.23 0.23  0.23 0.23 0.23 0.23 0.23 0.23 0.23 0.23 0.23 0.23 0.23 0.23  0.23 0.23 0.23 0.23 0.23 0.23 0.23 0.23 0.23 0.23 0.23 0.23  0.23 0.23 0.23 0.23 0.23 0.23 0.23 0.23 0.23 0.23 0.23 0.23  0.23 0.23 0.23 0.23 0.23 0.23 0.23 0.23 0.23 0.23 0.23 0.23  0.23 0.23 0.23 0.23 0.23 0.23 0.23 0.23 0.23 0.23 0.23 0.23  0.23 0.23 0.23 0.23 0.23 0.23 0.23 0.23 0.23 0.23 0.23 0.23  0.23 0.23 0.23 0.23 0.23 0.23 0.23 0.23 0.23 0.23 0.23 0.23  0.23 0.23 0.23 0.23 0.23 0.23 0.23 0.23 0.23 0.23 0.23 0.23  0.23 0.23 0.23 0.23 0.23 0.23 0.23 0.23 0.23 0.23 0.23 0.23  0.23 0.23 0.23 0.23 0.23 0.23 0.23 0.23 0.23 0.23 0.23 0.23  0.23 0.23 0.23 0.23 0.23 0.23 0.23 0.23 0.23 0.23 0.23 0.23 
#_Maturity_divided_by_2(projection_program_uses_to_get_female_spawning_biomass_if_divide_by_2 1 2 3 4 5 6 7 8 9 10 11 12
 0.144853 0.624337 1.45024 1.87755 1.97781 1.99615 1.99934 1.99989 1.99998 2 2 2
#_Wt_at_age_spawners 1 2 3 4 5 6 7 8 9 10 11 12
 0.051 0.0884 0.134 0.195 0.2612 0.328 0.4184 0.5344 0.6814 0.8426 1.0705 1.4589
#_Wt_at_age_fishery 1 2 3 4 5 6 7 8 9 10 11 12
 0.0073 0.014 0.0815 0.2018 0.2635 0.3528 0.4758 0.5579 0.7105 0.9117 1.1462 1.6
#
#_Selectivity_fishery_scaled_to_max_at_one 1 2 3 4 5 6 7 8 9 10 11 12
 0.0191186 0.247122 0.818366 1 0.698056 0.572817 0.364575 0.263425 0.234801 0.234801 0.234801 0.234801
#_Numbers_at_age_end_year 1 2 3 4 5 6 7 8 9 10 11 12
 11170.5 6540.99 5571.85 1764.53 442.116 590.596 551.411 238.418 187.707 80.3265 37.1331 16.2694
#_N_recruitment_years (not including last estimate)
34
#_Recruitment_start_at_1977_yearclass=1978_for_age_1_recruits 1978 1979 1980 1981 1982 1983 1984 1985 1986 1987 1988 1989 1990 1991 1992 1993 1994 1995 1996 1997 1998 1999 2000 2001 2002 2003 2004 2005 2006 2007 2008 2009 2010 2011
 20562.4 20395.9 22554.3 30958.2 34072.3 27918.2 41329.4 51604.9 27206.9 20299.4 26257.1 25149.3 30179.1 25796 26510.7 19131.7 18419.1 19067.9 15875.4 21242.3 22402.1 27715.5 26196 19234.4 17446.8 8393.47 8180.79 5553.08 6773.19 3892.64 1671.72 4542.88 9924.7 8309.47
#_Spawning biomass 
 10.0754 8.90522 7.94781 7.35347 6.99074 6.70545 6.58792 6.76079 7.19629 7.71538 8.19928 8.79198 9.10514 8.78157 9.22872 9.54267 10.1684 11.5352 12.7924 13.0613 12.5569 11.8371 10.9438 10.1282 9.41279 8.21843 6.29281 4.97775 4.00922 3.89642 4.39277 5.16819 5.76809 6.29628 6.52954 6.25143 5.6471 4.68349 3.48736 2.5295 1.61894 1.16284 1.17664
